0.00999999
0.00999997
0.00999996
0.00999994
0.00999993
0.00999991
0.0099999
0.00999988
0.00999987
0.00999985
0.00999984
0.00999982
0.00999981
0.00999979
0.00999978
0.00999976
0.00999975
0.00999974
0.00999972
0.00999971
0.00999969
0.00999968
0.00999966
0.00999965
0.00999963
0.00999962
0.0099996
0.00999959
0.00999957
0.00999956
0.00999954
0.00999953
0.00999951
0.0099995
0.00999949
0.00999947
0.00999946
0.00999944
0.00999943
0.00999941
0.0099994
0.00999938
0.00999937
0.00999935
0.00999934
0.00999932
0.00999931
0.00999929
0.00999928
0.00999926
0.00999925
0.00999924
0.00999922
0.00999921
0.00999919
0.00999918
0.00999916
0.00999915
0.00999913
0.00999912
0.0099991
0.00999909
0.00999907
0.00999906
0.00999904
0.00999903
0.00999901
0.009999
0.00999899
0.00999897
0.00999896
0.00999894
0.00999893
0.00999891
0.0099989
0.00999888
0.00999887
0.00999885
0.00999884
0.00999882
0.00999881
0.00999879
0.00999878
0.00999876
0.00999875
0.00999874
0.00999872
0.00999871
0.00999869
0.00999868
0.00999866
0.00999865
0.00999863
0.00999862
0.0099986
0.00999859
0.00999857
0.00999856
0.00999854
0.00999853
0.00999852
0.0099985
0.00999849
0.00999847
0.00999846
0.00999844
0.00999843
0.00999841
0.0099984
0.00999838
0.00999837
0.00999835
0.00999834
0.00999832
0.00999831
0.00999829
0.00999828
0.00999827
0.00999825
0.00999824
0.00999822
0.00999821
0.00999819
0.00999818
0.00999816
0.00999815
0.00999813
0.00999812
0.0099981
0.00999809
0.00999807
0.00999806
0.00999804
0.00999803
0.00999802
0.009998
0.00999799
0.00999797
0.00999796
0.00999794
0.00999793
0.00999791
0.0099979
0.00999788
0.00999787
0.00999785
0.00999784
0.00999782
0.00999781
0.0099978
0.00999778
0.00999777
0.00999775
0.00999774
0.00999772
0.00999771
0.00999769
0.00999768
0.00999766
0.00999765
0.00999763
0.00999762
0.0099976
0.00999759
0.00999757
0.00999756
0.00999755
0.00999753
0.00999752
0.0099975
0.00999749
0.00999747
0.00999746
0.00999744
0.00999743
0.00999741
0.0099974
0.00999738
0.00999737
0.00999735
0.00999734
0.00999733
0.00999731
0.0099973
0.00999728
0.00999727
0.00999725
0.00999724
0.00999722
0.00999721
0.00999719
0.00999718
0.00999716
0.00999715
0.00999713
0.00999712
0.0099971
0.00999709
0.00999708
0.00999706
0.00999705
0.00999703
0.00999702
0.009997
0.00999699
0.00999697
0.00999696
0.00999694
0.00999693
0.00999691
0.0099969
0.00999688
0.00999687
0.00999686
0.00999684
0.00999683
0.00999681
0.0099968
0.00999678
0.00999677
0.00999675
0.00999674
0.00999672
0.00999671
0.00999669
0.00999668
0.00999666
0.00999665
0.00999663
0.00999662
0.00999661
0.00999659
0.00999658
0.00999656
0.00999655
0.00999653
0.00999652
0.0099965
0.00999649
0.00999647
0.00999646
0.00999644
0.00999643
0.00999641
0.0099964
0.00999639
0.00999637
0.00999636
0.00999634
0.00999633
0.00999631
0.0099963
0.00999628
0.00999627
0.00999625
0.00999624
0.00999622
0.00999621
0.00999619
0.00999618
0.00999616
0.00999615
0.00999614
0.00999612
0.00999611
0.00999609
0.00999608
0.00999606
0.00999605
0.00999603
0.00999602
0.009996
0.00999599
0.00999597
0.00999596
0.00999594
0.00999593
0.00999592
0.0099959
0.00999589
0.00999587
0.00999586
0.00999584
0.00999583
0.00999581
0.0099958
0.00999578
0.00999577
0.00999575
0.00999574
0.00999572
0.00999571
0.0099957
0.00999568
0.00999567
0.00999565
0.00999564
0.00999562
0.00999561
0.00999559
0.00999558
0.00999556
0.00999555
0.00999553
0.00999552
0.0099955
0.00999549
0.00999548
0.00999546
0.00999545
0.00999543
0.00999542
0.0099954
0.00999539
0.00999537
0.00999536
0.00999534
0.00999533
0.00999531
0.0099953
0.00999528
0.00999527
0.00999526
0.00999524
0.00999523
0.00999521
0.0099952
0.00999518
0.00999517
0.00999515
0.00999514
0.00999512
0.00999511
0.00999509
0.00999508
0.00999506
0.00999505
0.00999504
0.00999502
0.00999501
0.00999499
0.00999498
0.00999496
0.00999495
0.00999493
0.00999492
0.0099949
0.00999489
0.00999487
0.00999486
0.00999484
0.00999483
0.00999481
0.0099948
0.00999479
0.00999477
0.00999476
0.00999474
0.00999473
0.00999471
0.0099947
0.00999468
0.00999467
0.00999465
0.00999464
0.00999462
0.00999461
0.00999459
0.00999458
0.00999457
0.00999455
0.00999454
0.00999452
0.00999451
0.00999449
0.00999448
0.00999446
0.00999445
0.00999443
0.00999442
0.0099944
0.00999439
0.00999437
0.00999436
0.00999435
0.00999433
0.00999432
0.0099943
0.00999429
0.00999427
0.00999426
0.00999424
0.00999423
0.00999421
0.0099942
0.00999418
0.00999417
0.00999415
0.00999414
0.00999413
0.00999411
0.0099941
0.00999408
0.00999407
0.00999405
0.00999404
0.00999402
0.00999401
0.00999399
0.00999398
0.00999396
0.00999395
0.00999393
0.00999392
0.00999391
0.00999389
0.00999388
0.00999386
0.00999385
0.00999383
0.00999382
0.0099938
0.00999379
0.00999377
0.00999376
0.00999374
0.00999373
0.00999372
0.0099937
0.00999369
0.00999367
0.00999366
0.00999364
0.00999363
0.00999361
0.0099936
0.00999358
0.00999357
0.00999355
0.00999354
0.00999352
0.00999351
0.0099935
0.00999348
0.00999347
0.00999345
0.00999344
0.00999342
0.00999341
0.00999339
0.00999338
0.00999336
0.00999335
0.00999333
0.00999332
0.0099933
0.00999329
0.00999328
0.00999326
0.00999325
0.00999323
0.00999322
0.0099932
0.00999319
0.00999317
0.00999316
0.00999314
0.00999313
0.00999311
0.0099931
0.00999308
0.00999307
0.00999306
0.00999304
0.00999303
0.00999301
0.009993
0.00999298
0.00999297
0.00999295
0.00999294
0.00999292
0.00999291
0.00999289
0.00999288
0.00999286
0.00999285
0.00999284
0.00999282
0.00999281
0.00999279
0.00999278
0.00999276
0.00999275
0.00999273
0.00999272
0.0099927
0.00999269
0.00999267
0.00999266
0.00999265
0.00999263
0.00999262
0.0099926
0.00999259
0.00999257
0.00999256
0.00999254
0.00999253
0.00999251
0.0099925
0.00999248
0.00999247
0.00999245
0.00999244
0.00999243
0.00999241
0.0099924
0.00999238
0.00999237
0.00999235
0.00999234
0.00999232
0.00999231
0.00999229
0.00999228
0.00999226
0.00999225
0.00999223
0.00999222
0.00999221
0.00999219
0.00999218
0.00999216
0.00999215
0.00999213
0.00999212
0.0099921
0.00999209
0.00999207
0.00999206
0.00999204
0.00999203
0.00999202
0.009992
0.00999199
0.00999197
0.00999196
0.00999194
0.00999193
0.00999191
0.0099919
0.00999188
0.00999187
0.00999185
0.00999184
0.00999182
0.00999181
0.0099918
0.00999178
0.00999177
0.00999175
0.00999174
0.00999172
0.00999171
0.00999169
0.00999168
0.00999166
0.00999165
0.00999163
0.00999162
0.0099916
0.00999159
0.00999158
0.00999156
0.00999155
0.00999153
0.00999152
0.0099915
0.00999149
0.00999147
0.00999146
0.00999144
0.00999143
0.00999141
0.0099914
0.00999139
0.00999137
0.00999136
0.00999134
0.00999133
0.00999131
0.0099913
0.00999128
0.00999127
0.00999125
0.00999124
0.00999122
0.00999121
0.00999119
0.00999118
0.00999117
0.00999115
0.00999114
0.00999112
0.00999111
0.00999109
0.00999108
0.00999106
0.00999105
0.00999103
0.00999102
0.009991
0.00999099
0.00999098
0.00999096
0.00999095
0.00999093
0.00999092
0.0099909
0.00999089
0.00999087
0.00999086
0.00999084
0.00999083
0.00999081
0.0099908
0.00999078
0.00999077
0.00999076
0.00999074
0.00999073
0.00999071
0.0099907
0.00999068
0.00999067
0.00999065
0.00999064
0.00999062
0.00999061
0.00999059
0.00999058
0.00999057
0.00999055
0.00999054
0.00999052
0.00999051
0.00999049
0.00999048
0.00999046
0.00999045
0.00999043
0.00999042
0.0099904
0.00999039
0.00999038
0.00999036
0.00999035
0.00999033
0.00999032
0.0099903
0.00999029
0.00999027
0.00999026
0.00999024
0.00999023
0.00999021
0.0099902
0.00999018
0.00999017
0.00999016
0.00999014
0.00999013
0.00999011
0.0099901
0.00999008
0.00999007
0.00999005
0.00999004
0.00999002
0.00999001
0.00998999
0.00998998
0.00998997
0.00998995
0.00998994
0.00998992
0.00998991
0.00998989
0.00998988
0.00998986
0.00998985
0.00998983
0.00998982
0.0099898
0.00998979
0.00998978
0.00998976
0.00998975
0.00998973
0.00998972
0.0099897
0.00998969
0.00998967
0.00998966
0.00998964
0.00998963
0.00998961
0.0099896
0.00998958
0.00998957
0.00998956
0.00998954
0.00998953
0.00998951
0.0099895
0.00998948
0.00998947
0.00998945
0.00998944
0.00998942
0.00998941
0.00998939
0.00998938
0.00998937
0.00998935
0.00998934
0.00998932
0.00998931
0.00998929
0.00998928
0.00998926
0.00998925
0.00998923
0.00998922
0.0099892
0.00998919
0.00998918
0.00998916
0.00998915
0.00998913
0.00998912
0.0099891
0.00998909
0.00998907
0.00998906
0.00998904
0.00998903
0.00998901
0.009989
0.00998899
0.00998897
0.00998896
0.00998894
0.00998893
0.00998891
0.0099889
0.00998888
0.00998887
0.00998885
0.00998884
0.00998882
0.00998881
0.00998879
0.00998878
0.00998877
0.00998875
0.00998874
0.00998872
0.00998871
0.00998869
0.00998868
0.00998866
0.00998865
0.00998863
0.00998862
0.0099886
0.00998859
0.00998858
0.00998856
0.00998855
0.00998853
0.00998852
0.0099885
0.00998849
0.00998847
0.00998846
0.00998844
0.00998843
0.00998841
0.0099884
0.00998839
0.00998837
0.00998836
0.00998834
0.00998833
0.00998831
0.0099883
0.00998828
0.00998827
0.00998825
0.00998824
0.00998822
0.00998821
0.0099882
0.00998818
0.00998817
0.00998815
0.00998814
0.00998812
0.00998811
0.00998809
0.00998808
0.00998806
0.00998805
0.00998803
0.00998802
0.00998801
0.00998799
0.00998798
0.00998796
0.00998795
0.00998793
0.00998792
0.0099879
0.00998789
0.00998787
0.00998786
0.00998784
0.00998783
0.00998782
0.0099878
0.00998779
0.00998777
0.00998776
0.00998774
0.00998773
0.00998771
0.0099877
0.00998768
0.00998767
0.00998765
0.00998764
0.00998763
0.00998761
0.0099876
0.00998758
0.00998757
0.00998755
0.00998754
0.00998752
0.00998751
0.00998749
0.00998748
0.00998746
0.00998745
0.00998744
0.00998742
0.00998741
0.00998739
0.00998738
0.00998736
0.00998735
0.00998733
0.00998732
0.0099873
0.00998729
0.00998727
0.00998726
0.00998725
0.00998723
0.00998722
0.0099872
0.00998719
0.00998717
0.00998716
0.00998714
0.00998713
0.00998711
0.0099871
0.00998708
0.00998707
0.00998706
0.00998704
0.00998703
0.00998701
0.009987
0.00998698
0.00998697
0.00998695
0.00998694
0.00998692
0.00998691
0.00998689
0.00998688
0.00998687
0.00998685
0.00998684
0.00998682
0.00998681
0.00998679
0.00998678
0.00998676
0.00998675
0.00998673
0.00998672
0.0099867
0.00998669
0.00998668
0.00998666
0.00998665
0.00998663
0.00998662
0.0099866
0.00998659
0.00998657
0.00998656
0.00998654
0.00998653
0.00998651
0.0099865
0.00998649
0.00998647
0.00998646
0.00998644
0.00998643
0.00998641
0.0099864
0.00998638
0.00998637
0.00998635
0.00998634
0.00998632
0.00998631
0.0099863
0.00998628
0.00998627
0.00998625
0.00998624
0.00998622
0.00998621
0.00998619
0.00998618
0.00998616
0.00998615
0.00998613
0.00998612
0.00998611
0.00998609
0.00998608
0.00998606
0.00998605
0.00998603
0.00998602
0.009986
0.00998599
0.00998597
0.00998596
0.00998595
0.00998593
0.00998592
0.0099859
0.00998589
0.00998587
0.00998586
0.00998584
0.00998583
0.00998581
0.0099858
0.00998578
0.00998577
0.00998576
0.00998574
0.00998573
0.00998571
0.0099857
0.00998568
0.00998567
0.00998565
0.00998564
0.00998562
0.00998561
0.00998559
0.00998558
0.00998557
0.00998555
0.00998554
0.00998552
0.00998551
0.00998549
0.00998548
0.00998546
0.00998545
0.00998543
0.00998542
0.0099854
0.00998539
0.00998538
0.00998536
0.00998535
0.00998533
0.00998532
0.0099853
0.00998529
0.00998527
0.00998526
0.00998524
0.00998523
0.00998521
0.0099852
0.00998519
0.00998517
0.00998516
0.00998514
0.00998513
0.00998511
0.0099851
0.00998508
0.00998507
0.00998505
0.00998504
0.00998503
0.00998501
0.009985
0.00998498
0.00998497
0.00998495
0.00998494
0.00998492
0.00998491
0.00998489
0.00998488
0.00998486
0.00998485
0.00998484
0.00998482
0.00998481
0.00998479
0.00998478
0.00998476
0.00998475
0.00998473
0.00998472
0.0099847
0.00998469
0.00998467
0.00998466
0.00998465
0.00998463
0.00998462
0.0099846
0.00998459
0.00998457
0.00998456
0.00998454
0.00998453
0.00998451
0.0099845
0.00998449
0.00998447
0.00998446
0.00998444
0.00998443
0.00998441
0.0099844
0.00998438
0.00998437
0.00998435
0.00998434
0.00998432
0.00998431
0.0099843
0.00998428
0.00998427
0.00998425
0.00998424
0.00998422
0.00998421
0.00998419
0.00998418
0.00998416
0.00998415
0.00998413
0.00998412
0.00998411
0.00998409
0.00998408
0.00998406
0.00998405
0.00998403
0.00998402
0.009984
0.00998399
0.00998397
0.00998396
0.00998395
0.00998393
0.00998392
0.0099839
0.00998389
0.00998387
0.00998386
0.00998384
0.00998383
0.00998381
0.0099838
0.00998378
0.00998377
0.00998376
0.00998374
0.00998373
0.00998371
0.0099837
0.00998368
0.00998367
0.00998365
0.00998364
0.00998362
0.00998361
0.0099836
0.00998358
0.00998357
0.00998355
0.00998354
0.00998352
0.00998351
0.00998349
0.00998348
0.00998346
0.00998345
0.00998343
0.00998342
0.00998341
0.00998339
0.00998338
0.00998336
0.00998335
0.00998333
0.00998332
0.0099833
0.00998329
0.00998327
0.00998326
0.00998325
0.00998323
0.00998322
0.0099832
0.00998319
0.00998317
0.00998316
0.00998314
0.00998313
0.00998311
0.0099831
0.00998308
0.00998307
0.00998306
0.00998304
0.00998303
0.00998301
0.009983
0.00998298
0.00998297
0.00998295
0.00998294
0.00998292
0.00998291
0.0099829
0.00998288
0.00998287
0.00998285
0.00998284
0.00998282
0.00998281
0.00998279
0.00998278
0.00998276
0.00998275
0.00998273
0.00998272
0.00998271
0.00998269
0.00998268
0.00998266
0.00998265
0.00998263
0.00998262
0.0099826
0.00998259
0.00998257
0.00998256
0.00998255
0.00998253
0.00998252
0.0099825
0.00998249
0.00998247
0.00998246
0.00998244
0.00998243
0.00998241
0.0099824
0.00998238
0.00998237
0.00998236
0.00998234
0.00998233
0.00998231
0.0099823
0.00998228
0.00998227
0.00998225
0.00998224
0.00998222
0.00998221
0.0099822
0.00998218
0.00998217
0.00998215
0.00998214
0.00998212
0.00998211
0.00998209
0.00998208
0.00998206
0.00998205
0.00998203
0.00998202
0.00998201
0.00998199
0.00998198
0.00998196
0.00998195
0.00998193
0.00998192
0.0099819
0.00998189
0.00998187
0.00998186
0.00998185
0.00998183
0.00998182
0.0099818
0.00998179
0.00998177
0.00998176
0.00998174
0.00998173
0.00998171
0.0099817
0.00998169
0.00998167
0.00998166
0.00998164
0.00998163
0.00998161
0.0099816
0.00998158
0.00998157
0.00998155
0.00998154
0.00998152
0.00998151
0.0099815
0.00998148
0.00998147
0.00998145
0.00998144
0.00998142
0.00998141
0.00998139
0.00998138
0.00998136
0.00998135
0.00998134
0.00998132
0.00998131
0.00998129
0.00998128
0.00998126
0.00998125
0.00998123
0.00998122
0.0099812
0.00998119
0.00998118
0.00998116
0.00998115
0.00998113
0.00998112
0.0099811
0.00998109
0.00998107
0.00998106
0.00998104
0.00998103
0.00998101
0.009981
0.00998099
0.00998097
0.00998096
0.00998094
0.00998093
0.00998091
0.0099809
0.00998088
0.00998087
0.00998085
0.00998084
0.00998083
0.00998081
0.0099808
0.00998078
0.00998077
0.00998075
0.00998074
0.00998072
0.00998071
0.00998069
0.00998068
0.00998067
0.00998065
0.00998064
0.00998062
0.00998061
0.00998059
0.00998058
0.00998056
0.00998055
0.00998053
0.00998052
0.00998051
0.00998049
0.00998048
0.00998046
0.00998045
0.00998043
0.00998042
0.0099804
0.00998039
0.00998037
0.00998036
0.00998034
0.00998033
0.00998032
0.0099803
0.00998029
0.00998027
0.00998026
0.00998024
0.00998023
0.00998021
0.0099802
0.00998018
0.00998017
0.00998016
0.00998014
0.00998013
0.00998011
0.0099801
0.00998008
0.00998007
0.00998005
0.00998004
0.00998002
0.00998001
0.00998
0.00997998
0.00997997
0.00997995
0.00997994
0.00997992
0.00997991
0.00997989
0.00997988
0.00997986
0.00997985
0.00997984
0.00997982
0.00997981
0.00997979
0.00997978
0.00997976
0.00997975
0.00997973
0.00997972
0.0099797
0.00997969
0.00997968
0.00997966
0.00997965
0.00997963
0.00997962
0.0099796
0.00997959
0.00997957
0.00997956
0.00997954
0.00997953
0.00997952
0.0099795
0.00997949
0.00997947
0.00997946
0.00997944
0.00997943
0.00997941
0.0099794
0.00997938
0.00997937
0.00997935
0.00997934
0.00997933
0.00997931
0.0099793
0.00997928
0.00997927
0.00997925
0.00997924
0.00997922
0.00997921
0.00997919
0.00997918
0.00997917
0.00997915
0.00997914
0.00997912
0.00997911
0.00997909
0.00997908
0.00997906
0.00997905
0.00997903
0.00997902
0.00997901
0.00997899
0.00997898
0.00997896
0.00997895
0.00997893
0.00997892
0.0099789
0.00997889
0.00997887
0.00997886
0.00997885
0.00997883
0.00997882
0.0099788
0.00997879
0.00997877
0.00997876
0.00997874
0.00997873
0.00997871
0.0099787
0.00997869
0.00997867
0.00997866
0.00997864
0.00997863
0.00997861
0.0099786
0.00997858
0.00997857
0.00997855
0.00997854
0.00997853
0.00997851
0.0099785
0.00997848
0.00997847
0.00997845
0.00997844
0.00997842
0.00997841
0.00997839
0.00997838
0.00997837
0.00997835
0.00997834
0.00997832
0.00997831
0.00997829
0.00997828
0.00997826
0.00997825
0.00997823
0.00997822
0.00997821
0.00997819
0.00997818
0.00997816
0.00997815
0.00997813
0.00997812
0.0099781
0.00997809
0.00997807
0.00997806
0.00997805
0.00997803
0.00997802
0.009978
0.00997799
0.00997797
0.00997796
0.00997794
0.00997793
0.00997791
0.0099779
0.00997789
0.00997787
0.00997786
0.00997784
0.00997783
0.00997781
0.0099778
0.00997778
0.00997777
0.00997775
0.00997774
0.00997773
0.00997771
0.0099777
0.00997768
0.00997767
0.00997765
0.00997764
0.00997762
0.00997761
0.00997759
0.00997758
0.00997757
0.00997755
0.00997754
0.00997752
0.00997751
0.00997749
0.00997748
0.00997746
0.00997745
0.00997743
0.00997742
0.00997741
0.00997739
0.00997738
0.00997736
0.00997735
0.00997733
0.00997732
0.0099773
0.00997729
0.00997727
0.00997726
0.00997725
0.00997723
0.00997722
0.0099772
0.00997719
0.00997717
0.00997716
0.00997714
0.00997713
0.00997711
0.0099771
0.00997709
0.00997707
0.00997706
0.00997704
0.00997703
0.00997701
0.009977
0.00997698
0.00997697
0.00997695
0.00997694
0.00997693
0.00997691
0.0099769
0.00997688
0.00997687
0.00997685
0.00997684
0.00997682
0.00997681
0.00997679
0.00997678
0.00997677
0.00997675
0.00997674
0.00997672
0.00997671
0.00997669
0.00997668
0.00997666
0.00997665
0.00997663
0.00997662
0.00997661
0.00997659
0.00997658
0.00997656
0.00997655
0.00997653
0.00997652
0.0099765
0.00997649
0.00997647
0.00997646
0.00997645
0.00997643
0.00997642
0.0099764
0.00997639
0.00997637
0.00997636
0.00997634
0.00997633
0.00997632
0.0099763
0.00997629
0.00997627
0.00997626
0.00997624
0.00997623
0.00997621
0.0099762
0.00997618
0.00997617
0.00997616
0.00997614
0.00997613
0.00997611
0.0099761
0.00997608
0.00997607
0.00997605
0.00997604
0.00997602
0.00997601
0.009976
0.00997598
0.00997597
0.00997595
0.00997594
0.00997592
0.00997591
0.00997589
0.00997588
0.00997586
0.00997585
0.00997584
0.00997582
0.00997581
0.00997579
0.00997578
0.00997576
0.00997575
0.00997573
0.00997572
0.0099757
0.00997569
0.00997568
0.00997566
0.00997565
0.00997563
0.00997562
0.0099756
0.00997559
0.00997557
0.00997556
0.00997554
0.00997553
0.00997552
0.0099755
0.00997549
0.00997547
0.00997546
0.00997544
0.00997543
0.00997541
0.0099754
0.00997539
0.00997537
0.00997536
0.00997534
0.00997533
0.00997531
0.0099753
0.00997528
0.00997527
0.00997525
0.00997524
0.00997523
0.00997521
0.0099752
0.00997518
0.00997517
0.00997515
0.00997514
0.00997512
0.00997511
0.00997509
0.00997508
0.00997507
0.00997505
0.00997504
0.00997502
0.00997501
0.00997499
0.00997498
0.00997496
0.00997495
0.00997493
0.00997492
0.00997491
0.00997489
0.00997488
0.00997486
0.00997485
0.00997483
0.00997482
0.0099748
0.00997479
0.00997478
0.00997476
0.00997475
0.00997473
0.00997472
0.0099747
0.00997469
0.00997467
0.00997466
0.00997464
0.00997463
0.00997462
0.0099746
0.00997459
0.00997457
0.00997456
0.00997454
0.00997453
0.00997451
0.0099745
0.00997448
0.00997447
0.00997446
0.00997444
0.00997443
0.00997441
0.0099744
0.00997438
0.00997437
0.00997435
0.00997434
0.00997432
0.00997431
0.0099743
0.00997428
0.00997427
0.00997425
0.00997424
0.00997422
0.00997421
0.00997419
0.00997418
0.00997417
0.00997415
0.00997414
0.00997412
0.00997411
0.00997409
0.00997408
0.00997406
0.00997405
0.00997403
0.00997402
0.00997401
0.00997399
0.00997398
0.00997396
0.00997395
0.00997393
0.00997392
0.0099739
0.00997389
0.00997387
0.00997386
0.00997385
0.00997383
0.00997382
0.0099738
0.00997379
0.00997377
0.00997376
0.00997374
0.00997373
0.00997372
0.0099737
0.00997369
0.00997367
0.00997366
0.00997364
0.00997363
0.00997361
0.0099736
0.00997358
0.00997357
0.00997356
0.00997354
0.00997353
0.00997351
0.0099735
0.00997348
0.00997347
0.00997345
0.00997344
0.00997342
0.00997341
0.0099734
0.00997338
0.00997337
0.00997335
0.00997334
0.00997332
0.00997331
0.00997329
0.00997328
0.00997327
0.00997325
0.00997324
0.00997322
0.00997321
0.00997319
0.00997318
0.00997316
0.00997315
0.00997313
0.00997312
0.00997311
0.00997309
0.00997308
0.00997306
0.00997305
0.00997303
0.00997302
0.009973
0.00997299
0.00997298
0.00997296
0.00997295
0.00997293
0.00997292
0.0099729
0.00997289
0.00997287
0.00997286
0.00997284
0.00997283
0.00997282
0.0099728
0.00997279
0.00997277
0.00997276
0.00997274
0.00997273
0.00997271
0.0099727
0.00997268
0.00997267
0.00997266
0.00997264
0.00997263
0.00997261
0.0099726
0.00997258
0.00997257
0.00997255
0.00997254
0.00997253
0.00997251
0.0099725
0.00997248
0.00997247
0.00997245
0.00997244
0.00997242
0.00997241
0.00997239
0.00997238
0.00997237
0.00997235
0.00997234
0.00997232
0.00997231
0.00997229
0.00997228
0.00997226
0.00997225
0.00997224
0.00997222
