5060,	74.98749661445618,	-21.0,	-21.0,	-20.666666666666668,	-20
10275,	81.69260478019714,	-20.5,	-20.0,	-20.5,	-19
14922,	88.28862953186035,	-20.0,	-20.0,	-20.833333333333332,	-20
21659,	97.37593722343445,	-21.0,	-21.0,	-20.0,	-16
26509,	103.55774474143982,	-21.0,	-21.0,	-21.0,	-21
31216,	109.31257677078247,	-21.0,	-21.0,	-20.833333333333332,	-20
35919,	115.02324771881104,	-21.0,	-21.0,	-21.0,	-21
40717,	121.23565101623535,	-21.0,	-21.0,	-21.0,	-21
45541,	129.6315460205078,	-21.0,	-21.0,	-21.0,	-21
51812,	139.06700468063354,	-21.0,	-21.0,	-20.666666666666668,	-20
56631,	145.69738578796387,	-21.0,	-21.0,	-20.833333333333332,	-20
61704,	153.56567430496216,	-20.5,	-20.0,	-20.5,	-20
66660,	161.04389762878418,	-21.0,	-21.0,	-20.666666666666668,	-20
72074,	169.39020919799805,	-21.0,	-21.0,	-19.5,	-14
77467,	176.31637334823608,	-21.0,	-21.0,	-20.5,	-20
82718,	183.75775623321533,	-21.0,	-21.0,	-20.833333333333332,	-20
87346,	189.51046991348267,	-21.0,	-21.0,	-21.0,	-21
93628,	197.70388388633728,	-21.0,	-21.0,	-20.666666666666668,	-20
99132,	205.49745202064514,	-20.5,	-20.0,	-20.666666666666668,	-20
105418,	214.70891880989075,	-21.0,	-21.0,	-20.833333333333332,	-20
110505,	221.45158767700195,	-20.0,	-19.0,	-20.666666666666668,	-20
115643,	227.89029741287231,	-21.0,	-21.0,	-20.833333333333332,	-20
120335,	233.79177260398865,	-21.0,	-21.0,	-21.0,	-21
125247,	240.00623035430908,	-21.0,	-21.0,	-20.666666666666668,	-20
132511,	249.75012588500977,	-21.0,	-21.0,	-20.666666666666668,	-19
137135,	255.97986698150635,	-19.5,	-19.0,	-20.833333333333332,	-20
142062,	262.33181834220886,	-20.0,	-20.0,	-20.833333333333332,	-20
147473,	269.7489800453186,	-20.5,	-20.0,	-20.666666666666668,	-20
152724,	276.44555163383484,	-21.0,	-21.0,	-20.666666666666668,	-20
157846,	283.3303201198578,	-20.0,	-19.0,	-20.833333333333332,	-20
162661,	289.4012496471405,	-21.0,	-21.0,	-20.666666666666668,	-19
167526,	298.5054397583008,	-21.0,	-21.0,	-20.666666666666668,	-20
173406,	309.3637228012085,	-20.5,	-20.0,	-20.833333333333332,	-20
178172,	318.47626757621765,	-21.0,	-21.0,	-20.666666666666668,	-20
183157,	326.0994448661804,	-20.5,	-20.0,	-20.5,	-20
188595,	336.37450790405273,	-21.0,	-21.0,	-20.666666666666668,	-20
193883,	343.6285765171051,	-20.5,	-20.0,	-21.0,	-21
199741,	354.36679768562317,	-20.5,	-20.0,	-21.0,	-21
204573,	364.2624168395996,	-21.0,	-21.0,	-21.0,	-21
210572,	375.8009834289551,	-21.0,	-21.0,	-20.666666666666668,	-19
218278,	392.5187258720398,	-21.0,	-21.0,	-18.5,	-6
225023,	406.6751012802124,	-20.0,	-19.0,	-21.0,	-21
230180,	417.41548895835876,	-14.0,	-8.0,	-20.833333333333332,	-20
238473,	433.53124356269836,	-20.0,	-20.0,	-17.0,	-12
245346,	445.52718925476074,	-20.0,	-20.0,	-17.833333333333332,	-11
252203,	455.4039273262024,	-17.5,	-14.0,	-19.666666666666668,	-19
259813,	469.45760846138,	-21.0,	-21.0,	-17.333333333333332,	-3
266148,	482.37477707862854,	-21.0,	-21.0,	-20.666666666666668,	-20
271454,	493.659574508667,	-15.5,	-10.0,	-20.333333333333332,	-20
276269,	501.033406496048,	-20.5,	-20.0,	-21.0,	-21
281336,	507.52900433540344,	-21.0,	-21.0,	-20.5,	-20
286256,	513.8770916461945,	-21.0,	-21.0,	-20.666666666666668,	-20
290941,	520.1710405349731,	-21.0,	-21.0,	-20.833333333333332,	-20
295554,	527.1699600219727,	-21.0,	-21.0,	-21.0,	-21
300187,	533.5654575824738,	-21.0,	-21.0,	-20.833333333333332,	-20
304958,	539.7881963253021,	-21.0,	-21.0,	-20.666666666666668,	-20
309791,	547.8060266971588,	-21.0,	-21.0,	-20.5,	-19
314890,	558.7032811641693,	-21.0,	-21.0,	-20.666666666666668,	-19
321694,	569.6456966400146,	-21.0,	-21.0,	-21.0,	-21
326673,	577.1449172496796,	-21.0,	-21.0,	-20.666666666666668,	-20
331376,	589.9540464878082,	-20.5,	-20.0,	-21.0,	-21
336226,	598.1653401851654,	-20.5,	-20.0,	-20.666666666666668,	-20
341542,	605.771552324295,	-21.0,	-21.0,	-20.166666666666668,	-20
346424,	613.1614401340485,	-21.0,	-21.0,	-20.666666666666668,	-20
352805,	624.4354803562164,	-20.5,	-20.0,	-20.0,	-17
358504,	631.9696896076202,	-20.5,	-20.0,	-20.333333333333332,	-19
363525,	641.9098041057587,	-21.0,	-21.0,	-20.666666666666668,	-20
368282,	648.327672958374,	-21.0,	-21.0,	-21.0,	-21
373195,	654.5437836647034,	-21.0,	-21.0,	-20.333333333333332,	-20
378188,	660.9048976898193,	-19.5,	-18.0,	-20.5,	-20
382959,	666.5900368690491,	-21.0,	-21.0,	-20.833333333333332,	-20
389225,	680.0054371356964,	-11.0,	-1.0,	-20.166666666666668,	-19
394360,	687.5043902397156,	-18.0,	-16.0,	-20.5,	-19
399447,	694.4541118144989,	-19.0,	-18.0,	-20.0,	-18
405559,	703.0608551502228,	-19.5,	-19.0,	-18.5,	-14
410813,	709.712465763092,	-20.0,	-19.0,	-20.166666666666668,	-19
416617,	717.0790500640869,	-20.0,	-20.0,	-19.333333333333332,	-17
422177,	724.7348067760468,	-21.0,	-21.0,	-20.666666666666668,	-19
428749,	734.8463711738586,	-20.0,	-19.0,	-18.833333333333332,	-9
433990,	741.8080725669861,	-21.0,	-21.0,	-20.5,	-20
438799,	749.3631639480591,	-20.0,	-20.0,	-20.5,	-20
443780,	755.7828290462494,	-20.5,	-20.0,	-20.833333333333332,	-20
448453,	761.6347796916962,	-20.5,	-20.0,	-20.833333333333332,	-20
453504,	768.7037522792816,	-20.5,	-20.0,	-20.666666666666668,	-20
459611,	779.1721513271332,	-20.5,	-20.0,	-20.833333333333332,	-20
465430,	790.5032448768616,	-21.0,	-21.0,	-20.333333333333332,	-17
470559,	802.9200448989868,	-21.0,	-21.0,	-20.333333333333332,	-19
475570,	811.2200870513916,	-21.0,	-21.0,	-20.666666666666668,	-20
480804,	820.1845285892487,	-20.5,	-20.0,	-20.833333333333332,	-20
485922,	827.3498492240906,	-21.0,	-21.0,	-21.0,	-21
491564,	836.0473093986511,	-21.0,	-21.0,	-20.833333333333332,	-20
496474,	842.5470712184906,	-21.0,	-21.0,	-21.0,	-21
501702,	850.8316578865051,	-20.0,	-19.0,	-21.0,	-21
506507,	857.0901136398315,	-20.5,	-20.0,	-20.666666666666668,	-20
511167,	864.0630075931549,	-20.5,	-20.0,	-21.0,	-21
515867,	870.1682636737823,	-20.5,	-20.0,	-21.0,	-21
520690,	877.0048174858093,	-20.5,	-20.0,	-20.833333333333332,	-20
525688,	885.2270460128784,	-21.0,	-21.0,	-20.666666666666668,	-20
531166,	893.9573202133179,	-20.0,	-20.0,	-20.833333333333332,	-20
535964,	901.9650888442993,	-20.0,	-20.0,	-20.666666666666668,	-19
540658,	910.2002539634705,	-20.0,	-20.0,	-20.833333333333332,	-20
547324,	922.5875270366669,	-21.0,	-21.0,	-19.666666666666668,	-15
552201,	929.9517323970795,	-21.0,	-21.0,	-20.666666666666668,	-20
557356,	941.8148002624512,	-21.0,	-21.0,	-20.333333333333332,	-17
562273,	950.7665741443634,	-21.0,	-21.0,	-20.666666666666668,	-20
567070,	958.3759934902191,	-20.0,	-20.0,	-20.833333333333332,	-20
571949,	966.5909514427185,	-20.0,	-19.0,	-20.666666666666668,	-20
576870,	974.1657643318176,	-20.5,	-20.0,	-20.666666666666668,	-20
581600,	982.0072841644287,	-19.0,	-18.0,	-20.833333333333332,	-20
586882,	990.7463943958282,	-20.0,	-20.0,	-20.833333333333332,	-20
591893,	997.5749523639679,	-21.0,	-21.0,	-20.666666666666668,	-20
596637,	1003.4572730064392,	-21.0,	-21.0,	-20.666666666666668,	-20
601342,	1009.3950192928314,	-21.0,	-21.0,	-20.833333333333332,	-20
605967,	1015.1410915851593,	-21.0,	-21.0,	-20.833333333333332,	-20
610827,	1021.5562107563019,	-20.5,	-20.0,	-20.666666666666668,	-19
615436,	1027.3191239833832,	-21.0,	-21.0,	-21.0,	-21
620204,	1033.5867476463318,	-21.0,	-21.0,	-20.833333333333332,	-20
624762,	1039.6452193260193,	-21.0,	-21.0,	-21.0,	-21
629316,	1045.2169015407562,	-21.0,	-21.0,	-21.0,	-21
633868,	1050.8312106132507,	-21.0,	-21.0,	-21.0,	-21
638594,	1056.673136472702,	-21.0,	-21.0,	-20.666666666666668,	-20
643136,	1063.099668264389,	-21.0,	-21.0,	-21.0,	-21
647686,	1070.5878818035126,	-21.0,	-21.0,	-21.0,	-21
652233,	1077.6216142177582,	-21.0,	-21.0,	-21.0,	-21
656814,	1086.5511989593506,	-21.0,	-21.0,	-21.0,	-21
661396,	1093.8052515983582,	-21.0,	-21.0,	-21.0,	-21
665949,	1099.4031338691711,	-21.0,	-21.0,	-21.0,	-21
670510,	1105.1155383586884,	-21.0,	-21.0,	-21.0,	-21
675137,	1112.9399681091309,	-21.0,	-21.0,	-20.833333333333332,	-20
679764,	1118.8122770786285,	-21.0,	-21.0,	-20.833333333333332,	-20
684320,	1124.4440515041351,	-21.0,	-21.0,	-21.0,	-21
688939,	1130.2815568447113,	-21.0,	-21.0,	-20.833333333333332,	-20
693494,	1136.2182857990265,	-21.0,	-21.0,	-21.0,	-21
698131,	1142.1669838428497,	-21.0,	-21.0,	-20.833333333333332,	-20
702783,	1148.0030579566956,	-21.0,	-21.0,	-20.833333333333332,	-20
707432,	1153.8243610858917,	-21.0,	-21.0,	-20.833333333333332,	-20
712185,	1159.7139616012573,	-21.0,	-21.0,	-20.666666666666668,	-20
717341,	1166.8242156505585,	-21.0,	-21.0,	-21.0,	-21
721918,	1172.4845974445343,	-21.0,	-21.0,	-21.0,	-21
726468,	1178.1342709064484,	-21.0,	-21.0,	-21.0,	-21
731116,	1183.9056661128998,	-21.0,	-21.0,	-20.833333333333332,	-20
735776,	1190.6080222129822,	-21.0,	-21.0,	-21.0,	-21
740477,	1196.9541599750519,	-21.0,	-21.0,	-20.666666666666668,	-19
745189,	1202.8359789848328,	-21.0,	-21.0,	-20.833333333333332,	-20
749781,	1208.5694630146027,	-20.0,	-20.0,	-21.0,	-21
754402,	1214.413393497467,	-20.0,	-20.0,	-20.833333333333332,	-20
758954,	1220.001121520996,	-21.0,	-21.0,	-21.0,	-21
763679,	1226.0691621303558,	-20.5,	-20.0,	-21.0,	-21
768349,	1232.2004702091217,	-20.0,	-19.0,	-21.0,	-21
773073,	1237.9440069198608,	-21.0,	-21.0,	-20.666666666666668,	-20
777840,	1243.8688020706177,	-21.0,	-21.0,	-20.833333333333332,	-20
782489,	1250.0678515434265,	-20.5,	-20.0,	-21.0,	-21
787317,	1262.144835472107,	-21.0,	-21.0,	-20.5,	-20
792026,	1271.0011203289032,	-20.0,	-20.0,	-20.833333333333332,	-20
796851,	1277.2496132850647,	-20.0,	-20.0,	-20.666666666666668,	-20
802225,	1284.480329990387,	-20.5,	-20.0,	-20.833333333333332,	-20
807050,	1290.3853797912598,	-20.5,	-20.0,	-20.833333333333332,	-20
811651,	1296.1392941474915,	-21.0,	-21.0,	-21.0,	-21
816299,	1303.2209641933441,	-21.0,	-21.0,	-20.833333333333332,	-20
820945,	1309.0603682994843,	-21.0,	-21.0,	-20.833333333333332,	-20
826153,	1316.4412741661072,	-20.5,	-20.0,	-20.833333333333332,	-20
830802,	1322.3392536640167,	-21.0,	-21.0,	-20.833333333333332,	-20
836466,	1330.7258336544037,	-20.0,	-20.0,	-21.0,	-21
