0.00999999
0.00999997
0.00999996
0.00999995
0.00999993
0.00999992
0.0099999
0.00999989
0.00999988
0.00999986
0.00999985
0.00999984
0.00999982
0.00999981
0.0099998
0.00999978
0.00999977
0.00999975
0.00999974
0.00999973
0.00999971
0.0099997
0.00999969
0.00999967
0.00999966
0.00999965
0.00999963
0.00999962
0.0099996
0.00999959
0.00999958
0.00999956
0.00999955
0.00999954
0.00999952
0.00999951
0.0099995
0.00999948
0.00999947
0.00999945
0.00999944
0.00999943
0.00999941
0.0099994
0.00999939
0.00999937
0.00999936
0.00999935
0.00999933
0.00999932
0.0099993
0.00999929
0.00999928
0.00999926
0.00999925
0.00999924
0.00999922
0.00999921
0.0099992
0.00999918
0.00999917
0.00999915
0.00999914
0.00999913
0.00999911
0.0099991
0.00999909
0.00999907
0.00999906
0.00999905
0.00999903
0.00999902
0.00999901
0.00999899
0.00999898
0.00999896
0.00999895
0.00999894
0.00999892
0.00999891
0.0099989
0.00999888
0.00999887
0.00999886
0.00999884
0.00999883
0.00999881
0.0099988
0.00999879
0.00999877
0.00999876
0.00999875
0.00999873
0.00999872
0.00999871
0.00999869
0.00999868
0.00999866
0.00999865
0.00999864
0.00999862
0.00999861
0.0099986
0.00999858
0.00999857
0.00999856
0.00999854
0.00999853
0.00999851
0.0099985
0.00999849
0.00999847
0.00999846
0.00999845
0.00999843
0.00999842
0.00999841
0.00999839
0.00999838
0.00999836
0.00999835
0.00999834
0.00999832
0.00999831
0.0099983
0.00999828
0.00999827
0.00999826
0.00999824
0.00999823
0.00999821
0.0099982
0.00999819
0.00999817
0.00999816
0.00999815
0.00999813
0.00999812
0.00999811
0.00999809
0.00999808
0.00999807
0.00999805
0.00999804
0.00999802
0.00999801
0.009998
0.00999798
0.00999797
0.00999796
0.00999794
0.00999793
0.00999792
0.0099979
0.00999789
0.00999787
0.00999786
0.00999785
0.00999783
0.00999782
0.00999781
0.00999779
0.00999778
