7591,	56.215080976486206,	-21.0,	-21.0,	-21.0,	-21
15180,	61.694570541381836,	-21.0,	-21.0,	-21.0,	-21
22763,	67.3647997379303,	-21.0,	-21.0,	-21.0,	-21
30330,	72.84024500846863,	-21.0,	-21.0,	-21.0,	-21
37922,	78.31618404388428,	-21.0,	-21.0,	-21.0,	-21
45495,	83.9270133972168,	-21.0,	-21.0,	-21.0,	-21
53087,	89.48077583312988,	-21.0,	-21.0,	-21.0,	-21
60658,	94.88316440582275,	-21.0,	-21.0,	-21.0,	-21
68240,	100.54287338256836,	-21.0,	-21.0,	-21.0,	-21
75813,	106.19511938095093,	-21.0,	-21.0,	-21.0,	-21
83409,	111.84089803695679,	-21.0,	-21.0,	-21.0,	-21
90989,	117.49209570884705,	-21.0,	-21.0,	-21.0,	-21
98560,	123.02750539779663,	-21.0,	-21.0,	-21.0,	-21
106143,	128.82199263572693,	-21.0,	-21.0,	-21.0,	-21
113735,	134.49877548217773,	-21.0,	-21.0,	-21.0,	-21
121316,	140.31961798667908,	-21.0,	-21.0,	-21.0,	-21
128906,	146.0340611934662,	-21.0,	-21.0,	-21.0,	-21
136489,	151.43049383163452,	-21.0,	-21.0,	-21.0,	-21
144075,	156.8459231853485,	-21.0,	-21.0,	-21.0,	-21
151669,	162.59061336517334,	-21.0,	-21.0,	-21.0,	-21
159249,	168.08695268630981,	-21.0,	-21.0,	-21.0,	-21
166840,	173.75184273719788,	-21.0,	-21.0,	-21.0,	-21
174420,	179.52209305763245,	-21.0,	-21.0,	-21.0,	-21
181999,	185.12831091880798,	-21.0,	-21.0,	-21.0,	-21
189584,	190.50983810424805,	-21.0,	-21.0,	-21.0,	-21
197169,	196.14764189720154,	-21.0,	-21.0,	-21.0,	-21
204756,	201.77418613433838,	-21.0,	-21.0,	-21.0,	-21
212335,	207.34280967712402,	-21.0,	-21.0,	-21.0,	-21
219925,	212.79446840286255,	-21.0,	-21.0,	-21.0,	-21
227504,	218.29971027374268,	-21.0,	-21.0,	-21.0,	-21
235083,	223.85407757759094,	-21.0,	-21.0,	-21.0,	-21
242676,	229.39219903945923,	-21.0,	-21.0,	-21.0,	-21
250255,	234.98574662208557,	-21.0,	-21.0,	-21.0,	-21
257849,	240.54443073272705,	-21.0,	-21.0,	-21.0,	-21
265436,	246.26865077018738,	-21.0,	-21.0,	-21.0,	-21
273020,	251.87282609939575,	-21.0,	-21.0,	-21.0,	-21
280605,	257.4703130722046,	-21.0,	-21.0,	-21.0,	-21
288188,	263.1154704093933,	-21.0,	-21.0,	-21.0,	-21
295768,	268.7015972137451,	-21.0,	-21.0,	-21.0,	-21
303354,	273.9429442882538,	-21.0,	-21.0,	-21.0,	-21
310945,	279.4427695274353,	-21.0,	-21.0,	-21.0,	-21
318525,	285.0561566352844,	-21.0,	-21.0,	-21.0,	-21
326106,	290.6403148174286,	-21.0,	-21.0,	-21.0,	-21
333698,	296.1660351753235,	-21.0,	-21.0,	-21.0,	-21
341277,	301.7538847923279,	-21.0,	-21.0,	-21.0,	-21
348859,	307.2602767944336,	-21.0,	-21.0,	-21.0,	-21
356442,	312.74446988105774,	-21.0,	-21.0,	-21.0,	-21
364031,	318.5504734516144,	-21.0,	-21.0,	-21.0,	-21
371614,	323.98160219192505,	-21.0,	-21.0,	-21.0,	-21
379191,	329.4704716205597,	-21.0,	-21.0,	-21.0,	-21
386765,	335.0568313598633,	-21.0,	-21.0,	-21.0,	-21
394349,	340.5824248790741,	-21.0,	-21.0,	-21.0,	-21
401921,	346.2080307006836,	-21.0,	-21.0,	-21.0,	-21
409502,	351.82642817497253,	-21.0,	-21.0,	-21.0,	-21
417096,	357.4397187232971,	-21.0,	-21.0,	-21.0,	-21
424685,	362.83263993263245,	-21.0,	-21.0,	-21.0,	-21
432264,	368.14444494247437,	-21.0,	-21.0,	-21.0,	-21
439852,	373.7026541233063,	-21.0,	-21.0,	-21.0,	-21
447441,	379.25546431541443,	-21.0,	-21.0,	-21.0,	-21
455028,	384.89566946029663,	-21.0,	-21.0,	-21.0,	-21
462615,	390.57795667648315,	-21.0,	-21.0,	-21.0,	-21
470196,	396.107146024704,	-21.0,	-21.0,	-21.0,	-21
477773,	401.7808609008789,	-21.0,	-21.0,	-21.0,	-21
485362,	407.329283952713,	-21.0,	-21.0,	-21.0,	-21
492946,	412.9220702648163,	-21.0,	-21.0,	-21.0,	-21
500533,	418.6928210258484,	-21.0,	-21.0,	-21.0,	-21
508111,	424.17342615127563,	-21.0,	-21.0,	-21.0,	-21
515692,	429.665668964386,	-21.0,	-21.0,	-21.0,	-21
523280,	435.18031120300293,	-21.0,	-21.0,	-21.0,	-21
530865,	440.7233443260193,	-21.0,	-21.0,	-21.0,	-21
538451,	446.1910939216614,	-21.0,	-21.0,	-21.0,	-21
546045,	451.72814869880676,	-21.0,	-21.0,	-21.0,	-21
553635,	457.44502878189087,	-21.0,	-21.0,	-21.0,	-21
561229,	463.0943555831909,	-21.0,	-21.0,	-21.0,	-21
568818,	468.7721469402313,	-21.0,	-21.0,	-21.0,	-21
576402,	474.30156087875366,	-21.0,	-21.0,	-21.0,	-21
583979,	479.92610263824463,	-21.0,	-21.0,	-21.0,	-21
591569,	485.42946887016296,	-21.0,	-21.0,	-21.0,	-21
599161,	491.05579590797424,	-21.0,	-21.0,	-21.0,	-21
606744,	496.74027705192566,	-21.0,	-21.0,	-21.0,	-21
614324,	502.3038504123688,	-21.0,	-21.0,	-21.0,	-21
621910,	508.00994181632996,	-21.0,	-21.0,	-21.0,	-21
629504,	513.5728478431702,	-21.0,	-21.0,	-21.0,	-21
637104,	519.1630282402039,	-21.0,	-21.0,	-21.0,	-21
644687,	524.7718255519867,	-21.0,	-21.0,	-21.0,	-21
652267,	530.4289636611938,	-21.0,	-21.0,	-21.0,	-21
659849,	535.8263425827026,	-21.0,	-21.0,	-21.0,	-21
667446,	541.4574320316315,	-21.0,	-21.0,	-21.0,	-21
675040,	547.0156362056732,	-21.0,	-21.0,	-21.0,	-21
682617,	552.5502347946167,	-21.0,	-21.0,	-21.0,	-21
690202,	558.0103061199188,	-21.0,	-21.0,	-21.0,	-21
697786,	563.5259168148041,	-21.0,	-21.0,	-21.0,	-21
705367,	568.972259759903,	-21.0,	-21.0,	-21.0,	-21
712948,	574.3801658153534,	-21.0,	-21.0,	-21.0,	-21
720538,	579.9864971637726,	-21.0,	-21.0,	-21.0,	-21
728122,	585.6152834892273,	-21.0,	-21.0,	-21.0,	-21
735699,	591.1225950717926,	-21.0,	-21.0,	-21.0,	-21
743290,	596.6741795539856,	-21.0,	-21.0,	-21.0,	-21
750869,	602.1927955150604,	-21.0,	-21.0,	-21.0,	-21
758453,	607.6529114246368,	-21.0,	-21.0,	-21.0,	-21
766036,	613.3261744976044,	-21.0,	-21.0,	-21.0,	-21
773637,	618.9555335044861,	-21.0,	-21.0,	-21.0,	-21
781217,	624.4534873962402,	-21.0,	-21.0,	-21.0,	-21
788796,	629.9524915218353,	-21.0,	-21.0,	-21.0,	-21
796382,	635.7370038032532,	-21.0,	-21.0,	-21.0,	-21
803972,	641.3592607975006,	-21.0,	-21.0,	-21.0,	-21
811560,	646.9234824180603,	-21.0,	-21.0,	-21.0,	-21
819143,	652.6077129840851,	-21.0,	-21.0,	-21.0,	-21
826722,	658.1386177539825,	-21.0,	-21.0,	-21.0,	-21
834304,	663.9459941387177,	-21.0,	-21.0,	-21.0,	-21
841880,	669.7206444740295,	-21.0,	-21.0,	-21.0,	-21
849462,	675.4043953418732,	-21.0,	-21.0,	-21.0,	-21
857045,	681.0577397346497,	-21.0,	-21.0,	-21.0,	-21
864634,	686.6996290683746,	-21.0,	-21.0,	-21.0,	-21
872217,	692.1735894680023,	-21.0,	-21.0,	-21.0,	-21
879806,	697.6873784065247,	-21.0,	-21.0,	-21.0,	-21
887391,	703.341362953186,	-21.0,	-21.0,	-21.0,	-21
894981,	708.8040611743927,	-21.0,	-21.0,	-21.0,	-21
902571,	714.431921005249,	-21.0,	-21.0,	-21.0,	-21
910153,	719.8642737865448,	-21.0,	-21.0,	-21.0,	-21
917743,	725.3533647060394,	-21.0,	-21.0,	-21.0,	-21
925336,	730.9361155033112,	-21.0,	-21.0,	-21.0,	-21
932924,	736.5709495544434,	-21.0,	-21.0,	-21.0,	-21
940509,	742.0428075790405,	-21.0,	-21.0,	-21.0,	-21
948096,	747.6477129459381,	-21.0,	-21.0,	-21.0,	-21
955669,	753.1524083614349,	-21.0,	-21.0,	-21.0,	-21
963251,	758.6408948898315,	-21.0,	-21.0,	-21.0,	-21
970835,	764.3549661636353,	-21.0,	-21.0,	-21.0,	-21
978422,	769.8101427555084,	-21.0,	-21.0,	-21.0,	-21
986010,	775.639901638031,	-21.0,	-21.0,	-21.0,	-21
993608,	781.0746455192566,	-21.0,	-21.0,	-21.0,	-21
1001186,	786.7626070976257,	-21.0,	-21.0,	-21.0,	-21
1008770,	792.2542612552643,	-21.0,	-21.0,	-21.0,	-21
1016360,	797.880597114563,	-21.0,	-21.0,	-21.0,	-21
1023947,	803.608535528183,	-21.0,	-21.0,	-21.0,	-21
1031522,	809.1980466842651,	-21.0,	-21.0,	-21.0,	-21
1039104,	814.668924331665,	-21.0,	-21.0,	-21.0,	-21
1046679,	820.1500651836395,	-21.0,	-21.0,	-21.0,	-21
1054266,	825.7320809364319,	-21.0,	-21.0,	-21.0,	-21
1061851,	831.2412090301514,	-21.0,	-21.0,	-21.0,	-21
1069436,	836.8728795051575,	-21.0,	-21.0,	-21.0,	-21
1077015,	842.3014919757843,	-21.0,	-21.0,	-21.0,	-21
1084600,	847.8789253234863,	-21.0,	-21.0,	-21.0,	-21
1092191,	853.2974348068237,	-21.0,	-21.0,	-21.0,	-21
1099774,	858.9427175521851,	-21.0,	-21.0,	-21.0,	-21
1107370,	864.4931392669678,	-21.0,	-21.0,	-21.0,	-21
1114964,	870.0019109249115,	-21.0,	-21.0,	-21.0,	-21
1122549,	875.403352022171,	-21.0,	-21.0,	-21.0,	-21
1130131,	880.9572155475616,	-21.0,	-21.0,	-21.0,	-21
1137711,	886.5753765106201,	-21.0,	-21.0,	-21.0,	-21
1145290,	892.3049941062927,	-21.0,	-21.0,	-21.0,	-21
1152881,	897.7738223075867,	-21.0,	-21.0,	-21.0,	-21
1160590,	903.6838512420654,	-21.0,	-21.0,	-21.0,	-21
1168174,	909.1701295375824,	-21.0,	-21.0,	-21.0,	-21
1175744,	914.676041841507,	-21.0,	-21.0,	-21.0,	-21
1183337,	920.2346971035004,	-21.0,	-21.0,	-21.0,	-21
1190920,	925.8207643032074,	-21.0,	-21.0,	-21.0,	-21
1198510,	931.3354022502899,	-21.0,	-21.0,	-21.0,	-21
1206081,	936.6892578601837,	-21.0,	-21.0,	-21.0,	-21
1213661,	942.427004814148,	-21.0,	-21.0,	-21.0,	-21
1221239,	948.1758282184601,	-21.0,	-21.0,	-21.0,	-21
1228870,	953.7212817668915,	-21.0,	-21.0,	-21.0,	-21
1236448,	959.3044021129608,	-21.0,	-21.0,	-21.0,	-21
1244102,	964.9194283485413,	-21.0,	-21.0,	-21.0,	-21
1251697,	970.386777639389,	-21.0,	-21.0,	-21.0,	-21
1259282,	976.0541007518768,	-21.0,	-21.0,	-21.0,	-21
1266985,	981.7183361053467,	-21.0,	-21.0,	-21.0,	-21
1274569,	987.5044894218445,	-21.0,	-21.0,	-21.0,	-21
1282210,	992.9661676883698,	-21.0,	-21.0,	-21.0,	-21
1289793,	998.4845418930054,	-21.0,	-21.0,	-21.0,	-21
1297373,	1004.1243059635162,	-21.0,	-21.0,	-21.0,	-21
1304955,	1009.7373943328857,	-21.0,	-21.0,	-21.0,	-21
1312545,	1015.395565032959,	-21.0,	-21.0,	-21.0,	-21
1320134,	1021.0732312202454,	-21.0,	-21.0,	-21.0,	-21
1327726,	1026.8081617355347,	-21.0,	-21.0,	-21.0,	-21
1335313,	1032.32998919487,	-21.0,	-21.0,	-21.0,	-21
1342894,	1038.1525688171387,	-21.0,	-21.0,	-21.0,	-21
1350475,	1043.6866302490234,	-21.0,	-21.0,	-21.0,	-21
1358124,	1049.508950471878,	-21.0,	-21.0,	-21.0,	-21
1365697,	1055.0965192317963,	-21.0,	-21.0,	-21.0,	-21
1373276,	1060.5788440704346,	-21.0,	-21.0,	-21.0,	-21
1380852,	1066.1421089172363,	-21.0,	-21.0,	-21.0,	-21
1388495,	1071.9258699417114,	-21.0,	-21.0,	-21.0,	-21
1396077,	1077.558613538742,	-21.0,	-21.0,	-21.0,	-21
1403662,	1083.3216893672943,	-21.0,	-21.0,	-21.0,	-21
1411238,	1088.8936133384705,	-21.0,	-21.0,	-21.0,	-21
1418937,	1094.7736749649048,	-21.0,	-21.0,	-21.0,	-21
1426524,	1100.3450775146484,	-21.0,	-21.0,	-21.0,	-21
1434109,	1106.0267314910889,	-21.0,	-21.0,	-21.0,	-21
1441693,	1111.6373136043549,	-21.0,	-21.0,	-21.0,	-21
1449280,	1117.0887625217438,	-21.0,	-21.0,	-21.0,	-21
1456923,	1122.6261386871338,	-21.0,	-21.0,	-21.0,	-21
1464502,	1128.0575823783875,	-21.0,	-21.0,	-21.0,	-21
1472084,	1133.534385919571,	-21.0,	-21.0,	-21.0,	-21
1479668,	1138.9284827709198,	-21.0,	-21.0,	-21.0,	-21
1487257,	1144.7737851142883,	-21.0,	-21.0,	-21.0,	-21
1494902,	1150.2667779922485,	-21.0,	-21.0,	-21.0,	-21
1502490,	1155.8185758590698,	-21.0,	-21.0,	-21.0,	-21
1510125,	1161.4592311382294,	-21.0,	-21.0,	-21.0,	-21
1517725,	1166.9706456661224,	-21.0,	-21.0,	-21.0,	-21
1525314,	1172.5212275981903,	-21.0,	-21.0,	-21.0,	-21
1532957,	1177.9698498249054,	-21.0,	-21.0,	-21.0,	-21
1540556,	1183.757836341858,	-21.0,	-21.0,	-21.0,	-21
1548142,	1189.2809188365936,	-21.0,	-21.0,	-21.0,	-21
1556940,	1198.0940599441528,	-21.0,	-21.0,	-21.0,	-21
1564526,	1203.7202508449554,	-21.0,	-21.0,	-21.0,	-21
1572100,	1209.5235929489136,	-21.0,	-21.0,	-21.0,	-21
1579691,	1215.3076190948486,	-21.0,	-21.0,	-21.0,	-21
1587278,	1220.876529455185,	-21.0,	-21.0,	-21.0,	-21
1594929,	1226.6251239776611,	-21.0,	-21.0,	-21.0,	-21
1602568,	1232.2408192157745,	-21.0,	-21.0,	-21.0,	-21
1610408,	1238.4003388881683,	-21.0,	-21.0,	-20.8,	-19
1618108,	1244.112568616867,	-21.0,	-21.0,	-21.0,	-21
1625757,	1249.8824727535248,	-21.0,	-21.0,	-21.0,	-21
1633416,	1255.4260485172272,	-21.0,	-21.0,	-21.0,	-21
1641002,	1261.143334388733,	-21.0,	-21.0,	-21.0,	-21
1648586,	1266.875821352005,	-21.0,	-21.0,	-21.0,	-21
1656234,	1272.598222732544,	-21.0,	-21.0,	-21.0,	-21
1663809,	1278.0100615024567,	-21.0,	-21.0,	-21.0,	-21
1671458,	1283.6454260349274,	-21.0,	-21.0,	-21.0,	-21
1679040,	1289.3927812576294,	-21.0,	-21.0,	-21.0,	-21
1686626,	1294.887231349945,	-21.0,	-21.0,	-21.0,	-21
1694196,	1300.3233649730682,	-21.0,	-21.0,	-21.0,	-21
1701782,	1305.9382109642029,	-21.0,	-21.0,	-21.0,	-21
1709361,	1311.4729526042938,	-21.0,	-21.0,	-21.0,	-21
1716945,	1316.9457800388336,	-21.0,	-21.0,	-21.0,	-21
1724534,	1322.5025823116302,	-21.0,	-21.0,	-21.0,	-21
1732124,	1328.1742117404938,	-21.0,	-21.0,	-21.0,	-21
1739710,	1333.8719747066498,	-21.0,	-21.0,	-21.0,	-21
1747290,	1339.6015620231628,	-21.0,	-21.0,	-21.0,	-21
1754870,	1345.2307305335999,	-21.0,	-21.0,	-21.0,	-21
1762452,	1350.759652853012,	-21.0,	-21.0,	-21.0,	-21
1770032,	1356.3038704395294,	-21.0,	-21.0,	-21.0,	-21
1777622,	1361.8236031532288,	-21.0,	-21.0,	-21.0,	-21
1785208,	1367.5201933383942,	-21.0,	-21.0,	-21.0,	-21
1792801,	1373.1067759990692,	-21.0,	-21.0,	-21.0,	-21
1800389,	1378.5742292404175,	-21.0,	-21.0,	-21.0,	-21
1808027,	1384.0502898693085,	-21.0,	-21.0,	-21.0,	-21
1815613,	1389.6399891376495,	-21.0,	-21.0,	-21.0,	-21
1823196,	1395.1951735019684,	-21.0,	-21.0,	-21.0,	-21
1830784,	1400.7740545272827,	-21.0,	-21.0,	-21.0,	-21
1838373,	1406.2376027107239,	-21.0,	-21.0,	-21.0,	-21
1845953,	1411.7710311412811,	-21.0,	-21.0,	-21.0,	-21
1853540,	1417.1688220500946,	-21.0,	-21.0,	-21.0,	-21
1861121,	1422.6240706443787,	-21.0,	-21.0,	-21.0,	-21
1868706,	1428.2493047714233,	-21.0,	-21.0,	-21.0,	-21
1876352,	1433.879981994629,	-21.0,	-21.0,	-21.0,	-21
1884053,	1439.8640773296356,	-21.0,	-21.0,	-21.0,	-21
1891632,	1445.5786321163177,	-21.0,	-21.0,	-21.0,	-21
1900358,	1454.055298089981,	-21.0,	-21.0,	-21.0,	-21
1907943,	1459.6716270446777,	-21.0,	-21.0,	-21.0,	-21
1915539,	1465.0093712806702,	-21.0,	-21.0,	-21.0,	-21
1923108,	1470.8278646469116,	-21.0,	-21.0,	-21.0,	-21
1930690,	1476.535793542862,	-21.0,	-21.0,	-21.0,	-21
1938269,	1482.233108997345,	-21.0,	-21.0,	-21.0,	-21
1945847,	1487.887469291687,	-21.0,	-21.0,	-21.0,	-21
1953432,	1493.399530172348,	-21.0,	-21.0,	-21.0,	-21
1961026,	1499.05979514122,	-21.0,	-21.0,	-21.0,	-21
1968603,	1504.7190971374512,	-21.0,	-21.0,	-21.0,	-21
1976192,	1510.2333323955536,	-21.0,	-21.0,	-21.0,	-21
1983783,	1515.8071155548096,	-21.0,	-21.0,	-21.0,	-21
1991365,	1521.3343031406403,	-21.0,	-21.0,	-21.0,	-21
1998940,	1526.9973678588867,	-21.0,	-21.0,	-21.0,	-21
2006522,	1532.561752796173,	-21.0,	-21.0,	-21.0,	-21
2014103,	1538.1686029434204,	-21.0,	-21.0,	-21.0,	-21
2021681,	1543.6230700016022,	-21.0,	-21.0,	-21.0,	-21
2029320,	1549.350858926773,	-21.0,	-21.0,	-21.0,	-21
2036904,	1555.0623667240143,	-21.0,	-21.0,	-21.0,	-21
2044480,	1560.54474401474,	-21.0,	-21.0,	-21.0,	-21
2052065,	1566.2424309253693,	-21.0,	-21.0,	-21.0,	-21
2059650,	1571.9413018226624,	-21.0,	-21.0,	-21.0,	-21
2067243,	1577.298532962799,	-21.0,	-21.0,	-21.0,	-21
2074834,	1582.6980805397034,	-21.0,	-21.0,	-21.0,	-21
2082421,	1588.1480677127838,	-21.0,	-21.0,	-21.0,	-21
2090006,	1593.5824875831604,	-21.0,	-21.0,	-21.0,	-21
2097593,	1598.9218645095825,	-21.0,	-21.0,	-21.0,	-21
2105177,	1604.5077714920044,	-21.0,	-21.0,	-21.0,	-21
2112762,	1609.9743587970734,	-21.0,	-21.0,	-21.0,	-21
2120354,	1615.4844145774841,	-21.0,	-21.0,	-21.0,	-21
2127936,	1621.1892545223236,	-21.0,	-21.0,	-21.0,	-21
2135514,	1626.8747985363007,	-21.0,	-21.0,	-21.0,	-21
2143094,	1632.5161907672882,	-21.0,	-21.0,	-21.0,	-21
2150694,	1638.1621415615082,	-21.0,	-21.0,	-21.0,	-21
2158274,	1643.5678343772888,	-21.0,	-21.0,	-21.0,	-21
2165844,	1648.970665216446,	-21.0,	-21.0,	-21.0,	-21
2173429,	1654.5204555988312,	-21.0,	-21.0,	-21.0,	-21
2181020,	1660.2441937923431,	-21.0,	-21.0,	-21.0,	-21
2188608,	1665.8965258598328,	-21.0,	-21.0,	-21.0,	-21
2196199,	1671.687239408493,	-21.0,	-21.0,	-21.0,	-21
2203782,	1677.2030265331268,	-21.0,	-21.0,	-21.0,	-21
2211371,	1682.720513343811,	-21.0,	-21.0,	-21.0,	-21
2218949,	1688.2129595279694,	-21.0,	-21.0,	-21.0,	-21
2226533,	1693.5236916542053,	-21.0,	-21.0,	-21.0,	-21
2234174,	1699.3738641738892,	-21.0,	-21.0,	-21.0,	-21
2241767,	1704.8841443061829,	-21.0,	-21.0,	-21.0,	-21
2249353,	1710.5358216762543,	-21.0,	-21.0,	-21.0,	-21
2256927,	1716.2057180404663,	-21.0,	-21.0,	-21.0,	-21
2264504,	1721.7315814495087,	-21.0,	-21.0,	-21.0,	-21
2272092,	1727.2186841964722,	-21.0,	-21.0,	-21.0,	-21
2279673,	1732.6803398132324,	-21.0,	-21.0,	-21.0,	-21
2287269,	1738.2520093917847,	-21.0,	-21.0,	-21.0,	-21
2294843,	1744.0403764247894,	-21.0,	-21.0,	-21.0,	-21
2302430,	1749.5758483409882,	-21.0,	-21.0,	-21.0,	-21
2310018,	1755.029615163803,	-21.0,	-21.0,	-21.0,	-21
2317664,	1760.7341408729553,	-21.0,	-21.0,	-21.0,	-21
2325422,	1766.868424654007,	-21.0,	-21.0,	-20.9,	-20
2333130,	1772.6145629882812,	-21.0,	-21.0,	-21.0,	-21
2340728,	1778.240555047989,	-21.0,	-21.0,	-21.0,	-21
2348332,	1783.8569717407227,	-21.0,	-21.0,	-21.0,	-21
2355982,	1789.589195728302,	-21.0,	-21.0,	-21.0,	-21
2363555,	1795.1577370166779,	-21.0,	-21.0,	-21.0,	-21
2371140,	1800.9736227989197,	-21.0,	-21.0,	-21.0,	-21
2378783,	1806.4102387428284,	-21.0,	-21.0,	-21.0,	-21
2386382,	1812.066968202591,	-21.0,	-21.0,	-21.0,	-21
2393963,	1817.8482055664062,	-21.0,	-21.0,	-21.0,	-21
2401541,	1823.3992462158203,	-21.0,	-21.0,	-21.0,	-21
2409261,	1829.265215396881,	-21.0,	-21.0,	-20.9,	-20
2416841,	1834.7989494800568,	-21.0,	-21.0,	-21.0,	-21
2424515,	1840.6484270095825,	-21.0,	-21.0,	-20.9,	-20
2432262,	1846.2280395030975,	-21.0,	-21.0,	-20.9,	-20
2439841,	1851.845151424408,	-21.0,	-21.0,	-21.0,	-21
2447427,	1857.4086771011353,	-21.0,	-21.0,	-21.0,	-21
2455008,	1863.0067346096039,	-21.0,	-21.0,	-21.0,	-21
2462587,	1868.7075409889221,	-21.0,	-21.0,	-21.0,	-21
2470183,	1874.3075771331787,	-21.0,	-21.0,	-21.0,	-21
2477771,	1879.899340391159,	-21.0,	-21.0,	-21.0,	-21
2485357,	1885.349764585495,	-21.0,	-21.0,	-21.0,	-21
2492939,	1890.9939680099487,	-21.0,	-21.0,	-21.0,	-21
2500528,	1896.591358423233,	-21.0,	-21.0,	-21.0,	-21
2508108,	1902.0558047294617,	-21.0,	-21.0,	-21.0,	-21
2515759,	1907.9194622039795,	-21.0,	-21.0,	-21.0,	-21
2523332,	1913.4384007453918,	-21.0,	-21.0,	-21.0,	-21
2530923,	1918.88219165802,	-21.0,	-21.0,	-21.0,	-21
2538509,	1924.43208193779,	-21.0,	-21.0,	-21.0,	-21
2546094,	1930.0372989177704,	-21.0,	-21.0,	-21.0,	-21
2553684,	1935.715234041214,	-21.0,	-21.0,	-21.0,	-21
2561269,	1941.3000020980835,	-21.0,	-21.0,	-21.0,	-21
2568838,	1946.9397284984589,	-21.0,	-21.0,	-21.0,	-21
2576481,	1952.7519693374634,	-21.0,	-21.0,	-21.0,	-21
2584056,	1958.3690519332886,	-21.0,	-21.0,	-21.0,	-21
2591632,	1964.017483472824,	-21.0,	-21.0,	-21.0,	-21
2599207,	1969.5660119056702,	-21.0,	-21.0,	-21.0,	-21
2606796,	1975.3311479091644,	-21.0,	-21.0,	-21.0,	-21
2614379,	1980.980988740921,	-21.0,	-21.0,	-21.0,	-21
2621965,	1986.6218395233154,	-21.0,	-21.0,	-21.0,	-21
2629548,	1992.0877628326416,	-21.0,	-21.0,	-21.0,	-21
2638397,	2000.7347447872162,	-21.0,	-21.0,	-21.0,	-21
2645982,	2013.0320630073547,	-21.0,	-21.0,	-21.0,	-21
2653565,	2018.6105470657349,	-21.0,	-21.0,	-21.0,	-21
2661152,	2024.2818908691406,	-21.0,	-21.0,	-21.0,	-21
2668742,	2029.747564315796,	-21.0,	-21.0,	-21.0,	-21
2676376,	2035.2719976902008,	-21.0,	-21.0,	-21.0,	-21
2684017,	2040.7953691482544,	-21.0,	-21.0,	-21.0,	-21
2691605,	2046.4377176761627,	-21.0,	-21.0,	-21.0,	-21
2699189,	2051.89048743248,	-21.0,	-21.0,	-21.0,	-21
2706777,	2057.3709206581116,	-21.0,	-21.0,	-21.0,	-21
2714362,	2062.9287900924683,	-21.0,	-21.0,	-21.0,	-21
2721951,	2068.2981798648834,	-21.0,	-21.0,	-21.0,	-21
2729535,	2074.010862827301,	-21.0,	-21.0,	-21.0,	-21
2737121,	2079.563135623932,	-21.0,	-21.0,	-21.0,	-21
2744702,	2085.090764760971,	-21.0,	-21.0,	-21.0,	-21
2752287,	2090.6172313690186,	-21.0,	-21.0,	-21.0,	-21
2759873,	2096.2454826831818,	-21.0,	-21.0,	-21.0,	-21
2767470,	2101.9105141162872,	-21.0,	-21.0,	-21.0,	-21
2775049,	2107.442611217499,	-21.0,	-21.0,	-21.0,	-21
2782633,	2113.064577817917,	-21.0,	-21.0,	-21.0,	-21
2790220,	2118.6129536628723,	-21.0,	-21.0,	-21.0,	-21
2797810,	2124.1877405643463,	-21.0,	-21.0,	-21.0,	-21
2805385,	2129.763126373291,	-21.0,	-21.0,	-21.0,	-21
2812978,	2135.263650417328,	-21.0,	-21.0,	-21.0,	-21
2820559,	2140.7748935222626,	-21.0,	-21.0,	-21.0,	-21
2828143,	2146.532782316208,	-21.0,	-21.0,	-21.0,	-21
2835734,	2151.929561138153,	-21.0,	-21.0,	-21.0,	-21
2843311,	2157.5041148662567,	-21.0,	-21.0,	-21.0,	-21
2850904,	2163.068784236908,	-21.0,	-21.0,	-21.0,	-21
2858488,	2168.540645837784,	-21.0,	-21.0,	-21.0,	-21
2866077,	2174.010823726654,	-21.0,	-21.0,	-21.0,	-21
2873649,	2179.571490049362,	-21.0,	-21.0,	-21.0,	-21
2881312,	2185.245563030243,	-21.0,	-21.0,	-21.0,	-21
2888891,	2190.9680185317993,	-21.0,	-21.0,	-21.0,	-21
2896460,	2196.589826107025,	-21.0,	-21.0,	-21.0,	-21
2904047,	2202.1859560012817,	-21.0,	-21.0,	-21.0,	-21
2911642,	2207.6858887672424,	-21.0,	-21.0,	-21.0,	-21
2919210,	2213.2598218917847,	-21.0,	-21.0,	-21.0,	-21
2926791,	2218.8617510795593,	-21.0,	-21.0,	-21.0,	-21
2934387,	2224.431410074234,	-21.0,	-21.0,	-21.0,	-21
2941983,	2229.90266084671,	-21.0,	-21.0,	-21.0,	-21
2949579,	2235.361132621765,	-21.0,	-21.0,	-21.0,	-21
2957168,	2240.943056821823,	-21.0,	-21.0,	-21.0,	-21
2964757,	2246.3421409130096,	-21.0,	-21.0,	-21.0,	-21
2972345,	2251.7390937805176,	-21.0,	-21.0,	-21.0,	-21
2979924,	2257.0771536827087,	-21.0,	-21.0,	-21.0,	-21
2987509,	2262.712276697159,	-21.0,	-21.0,	-21.0,	-21
2995095,	2268.2748403549194,	-21.0,	-21.0,	-21.0,	-21
3002689,	2273.886074781418,	-21.0,	-21.0,	-21.0,	-21
3010276,	2279.264544725418,	-21.0,	-21.0,	-21.0,	-21
3017853,	2284.8043718338013,	-21.0,	-21.0,	-21.0,	-21
3025436,	2290.3330698013306,	-21.0,	-21.0,	-21.0,	-21
3033038,	2295.7928133010864,	-21.0,	-21.0,	-21.0,	-21
3040625,	2301.4871649742126,	-21.0,	-21.0,	-21.0,	-21
3048212,	2307.104667663574,	-21.0,	-21.0,	-21.0,	-21
3055787,	2312.5809185504913,	-21.0,	-21.0,	-21.0,	-21
3063364,	2318.0202219486237,	-21.0,	-21.0,	-21.0,	-21
3070959,	2323.5227706432343,	-21.0,	-21.0,	-21.0,	-21
3078548,	2329.1133658885956,	-21.0,	-21.0,	-21.0,	-21
3086122,	2334.6355340480804,	-21.0,	-21.0,	-21.0,	-21
3093718,	2340.0559968948364,	-21.0,	-21.0,	-21.0,	-21
3101311,	2345.65638422966,	-21.0,	-21.0,	-21.0,	-21
3108885,	2351.346743822098,	-21.0,	-21.0,	-21.0,	-21
3116469,	2356.93777179718,	-21.0,	-21.0,	-21.0,	-21
3124054,	2362.4744868278503,	-21.0,	-21.0,	-21.0,	-21
3131635,	2368.0715522766113,	-21.0,	-21.0,	-21.0,	-21
3139216,	2373.6829290390015,	-21.0,	-21.0,	-21.0,	-21
3146793,	2379.4485211372375,	-21.0,	-21.0,	-21.0,	-21
3154377,	2385.1164956092834,	-21.0,	-21.0,	-21.0,	-21
3162087,	2390.685469865799,	-21.0,	-21.0,	-21.0,	-21
3169672,	2396.240028858185,	-21.0,	-21.0,	-21.0,	-21
3177255,	2401.753399372101,	-21.0,	-21.0,	-21.0,	-21
3184835,	2407.273430585861,	-21.0,	-21.0,	-21.0,	-21
3192413,	2412.943519115448,	-21.0,	-21.0,	-21.0,	-21
3201198,	2421.8369858264923,	-21.0,	-21.0,	-21.0,	-21
3208829,	2427.417361974716,	-21.0,	-21.0,	-21.0,	-21
3216415,	2432.918771982193,	-21.0,	-21.0,	-21.0,	-21
3224065,	2438.4939329624176,	-21.0,	-21.0,	-21.0,	-21
3231713,	2444.1995108127594,	-21.0,	-21.0,	-21.0,	-21
3239347,	2449.849425792694,	-21.0,	-21.0,	-21.0,	-21
3246986,	2455.3422379493713,	-21.0,	-21.0,	-21.0,	-21
3254572,	2460.857229232788,	-21.0,	-21.0,	-21.0,	-21
3262146,	2466.3492891788483,	-21.0,	-21.0,	-21.0,	-21
3269735,	2471.9276247024536,	-21.0,	-21.0,	-21.0,	-21
3277309,	2477.485921859741,	-21.0,	-21.0,	-21.0,	-21
3284888,	2483.0308775901794,	-21.0,	-21.0,	-21.0,	-21
3292481,	2488.6828665733337,	-21.0,	-21.0,	-21.0,	-21
3300081,	2494.385689973831,	-21.0,	-21.0,	-21.0,	-21
3307660,	2500.0102245807648,	-21.0,	-21.0,	-21.0,	-21
3315241,	2505.5161802768707,	-21.0,	-21.0,	-21.0,	-21
3322831,	2510.9819762706757,	-21.0,	-21.0,	-21.0,	-21
3330424,	2516.3011016845703,	-21.0,	-21.0,	-21.0,	-21
3338017,	2521.950187444687,	-21.0,	-21.0,	-21.0,	-21
3345597,	2527.557550907135,	-21.0,	-21.0,	-21.0,	-21
3353192,	2533.049246072769,	-21.0,	-21.0,	-21.0,	-21
3360771,	2538.4955604076385,	-21.0,	-21.0,	-21.0,	-21
3368350,	2544.048644065857,	-21.0,	-21.0,	-21.0,	-21
3375929,	2549.495673894882,	-21.0,	-21.0,	-21.0,	-21
3383521,	2554.988471508026,	-21.0,	-21.0,	-21.0,	-21
3391090,	2560.3386583328247,	-21.0,	-21.0,	-21.0,	-21
3398670,	2565.9880645275116,	-21.0,	-21.0,	-21.0,	-21
3406265,	2571.497010231018,	-21.0,	-21.0,	-21.0,	-21
3413938,	2577.253608226776,	-21.0,	-21.0,	-20.9,	-20
3421526,	2582.722667455673,	-21.0,	-21.0,	-21.0,	-21
3429107,	2588.3092052936554,	-21.0,	-21.0,	-21.0,	-21
3436695,	2594.0200662612915,	-21.0,	-21.0,	-21.0,	-21
3444285,	2599.6702647209167,	-21.0,	-21.0,	-21.0,	-21
3451924,	2605.4582154750824,	-21.0,	-21.0,	-21.0,	-21
3459616,	2611.09463596344,	-21.0,	-21.0,	-20.9,	-20
3467322,	2616.923150062561,	-21.0,	-21.0,	-21.0,	-21
3474900,	2622.462333917618,	-21.0,	-21.0,	-21.0,	-21
3482553,	2628.230368375778,	-21.0,	-21.0,	-21.0,	-21
3490131,	2633.884932756424,	-21.0,	-21.0,	-21.0,	-21
3497721,	2639.424721956253,	-21.0,	-21.0,	-21.0,	-21
3505487,	2645.164885044098,	-21.0,	-21.0,	-21.0,	-21
3513069,	2650.651790857315,	-21.0,	-21.0,	-21.0,	-21
3520716,	2656.1651327610016,	-21.0,	-21.0,	-21.0,	-21
3528311,	2661.7875168323517,	-21.0,	-21.0,	-21.0,	-21
3535899,	2667.2367329597473,	-21.0,	-21.0,	-21.0,	-21
3543488,	2672.9631497859955,	-21.0,	-21.0,	-21.0,	-21
3551068,	2678.5602934360504,	-21.0,	-21.0,	-21.0,	-21
3558665,	2684.278424501419,	-21.0,	-21.0,	-21.0,	-21
3566398,	2690.2675783634186,	-21.0,	-21.0,	-20.9,	-20
3574040,	2695.9335646629333,	-21.0,	-21.0,	-21.0,	-21
3581624,	2701.55819106102,	-21.0,	-21.0,	-21.0,	-21
3589208,	2707.1408081054688,	-21.0,	-21.0,	-21.0,	-21
3596789,	2712.7247354984283,	-21.0,	-21.0,	-21.0,	-21
3605580,	2721.4374010562897,	-21.0,	-21.0,	-21.0,	-21
3614359,	2730.2877135276794,	-21.0,	-21.0,	-21.0,	-21
3621945,	2736.014783143997,	-20.5,	-20.0,	-21.0,	-21
3629517,	2741.563668489456,	-21.0,	-21.0,	-21.0,	-21
3637097,	2747.135686635971,	-21.0,	-21.0,	-21.0,	-21
3644676,	2752.8317239284515,	-21.0,	-21.0,	-21.0,	-21
3652255,	2758.4277822971344,	-21.0,	-21.0,	-21.0,	-21
3659834,	2763.8548169136047,	-21.0,	-21.0,	-21.0,	-21
3667420,	2769.3540036678314,	-21.0,	-21.0,	-21.0,	-21
3675087,	2774.9794063568115,	-21.0,	-21.0,	-21.0,	-21
3682748,	2780.6661236286163,	-21.0,	-21.0,	-20.9,	-20
3690342,	2786.2522671222687,	-21.0,	-21.0,	-21.0,	-21
3697933,	2791.810590982437,	-21.0,	-21.0,	-21.0,	-21
3705536,	2797.4759652614594,	-21.0,	-21.0,	-21.0,	-21
3713115,	2802.9917635917664,	-21.0,	-21.0,	-21.0,	-21
3720700,	2808.516297340393,	-21.0,	-21.0,	-21.0,	-21
3728286,	2814.0082306861877,	-21.0,	-21.0,	-21.0,	-21
3735963,	2819.8168823719025,	-21.0,	-21.0,	-21.0,	-21
3743548,	2825.3812646865845,	-21.0,	-21.0,	-21.0,	-21
3751131,	2830.830779314041,	-21.0,	-21.0,	-21.0,	-21
3758784,	2836.5056443214417,	-21.0,	-21.0,	-20.9,	-20
3766437,	2841.906439304352,	-21.0,	-21.0,	-21.0,	-21
3774035,	2847.4136402606964,	-21.0,	-21.0,	-21.0,	-21
3781699,	2853.0082244873047,	-21.0,	-21.0,	-20.9,	-20
3789286,	2858.5549943447113,	-21.0,	-21.0,	-21.0,	-21
3796877,	2864.115736722946,	-21.0,	-21.0,	-21.0,	-21
3804469,	2869.436644554138,	-21.0,	-21.0,	-21.0,	-21
3812047,	2875.037182569504,	-21.0,	-21.0,	-21.0,	-21
3819649,	2880.726402759552,	-21.0,	-21.0,	-21.0,	-21
3827323,	2886.253338098526,	-21.0,	-21.0,	-20.9,	-20
3834952,	2891.7832152843475,	-21.0,	-21.0,	-21.0,	-21
3842540,	2897.4454143047333,	-21.0,	-21.0,	-21.0,	-21
3850123,	2902.830209493637,	-21.0,	-21.0,	-21.0,	-21
3858914,	2911.501455783844,	-20.5,	-20.0,	-21.0,	-21
3866554,	2917.2305512428284,	-21.0,	-21.0,	-21.0,	-21
3874136,	2922.6702291965485,	-21.0,	-21.0,	-21.0,	-21
3881816,	2928.3785347938538,	-21.0,	-21.0,	-20.9,	-20
3889391,	2933.8564200401306,	-21.0,	-21.0,	-21.0,	-21
3897054,	2939.6833679676056,	-20.5,	-20.0,	-20.9,	-20
3904744,	2945.371793270111,	-21.0,	-21.0,	-20.9,	-20
3912337,	2950.9980115890503,	-21.0,	-21.0,	-21.0,	-21
3919920,	2956.3942465782166,	-21.0,	-21.0,	-21.0,	-21
3927609,	2962.0784015655518,	-21.0,	-21.0,	-20.9,	-20
3935198,	2967.812746524811,	-21.0,	-21.0,	-21.0,	-21
3942780,	2973.3023467063904,	-21.0,	-21.0,	-21.0,	-21
3950364,	2978.841186285019,	-21.0,	-21.0,	-21.0,	-21
3957941,	2984.7906379699707,	-20.5,	-20.0,	-21.0,	-21
3965523,	2990.326423883438,	-21.0,	-21.0,	-21.0,	-21
3973115,	2995.957394361496,	-21.0,	-21.0,	-21.0,	-21
3980690,	3001.420758008957,	-21.0,	-21.0,	-21.0,	-21
3988271,	3007.006075143814,	-21.0,	-21.0,	-21.0,	-21
3995846,	3012.4624078273773,	-21.0,	-21.0,	-21.0,	-21
4003519,	3018.17160487175,	-21.0,	-21.0,	-20.9,	-20
4011097,	3023.8380370140076,	-21.0,	-21.0,	-21.0,	-21
4018689,	3029.4903666973114,	-21.0,	-21.0,	-21.0,	-21
4026286,	3035.031813621521,	-21.0,	-21.0,	-21.0,	-21
4033876,	3040.5972542762756,	-21.0,	-21.0,	-21.0,	-21
4041475,	3046.116863965988,	-21.0,	-21.0,	-21.0,	-21
4049054,	3051.466868877411,	-21.0,	-21.0,	-21.0,	-21
4056639,	3057.152335166931,	-21.0,	-21.0,	-21.0,	-21
4064225,	3062.7856764793396,	-21.0,	-21.0,	-21.0,	-21
4071806,	3068.434297323227,	-21.0,	-21.0,	-21.0,	-21
4079420,	3073.9125270843506,	-21.0,	-21.0,	-21.0,	-21
4087016,	3079.38405418396,	-21.0,	-21.0,	-21.0,	-21
4094592,	3085.0279359817505,	-21.0,	-21.0,	-21.0,	-21
4102254,	3090.8838431835175,	-21.0,	-21.0,	-21.0,	-21
4109840,	3096.421442270279,	-21.0,	-21.0,	-21.0,	-21
4117455,	3101.930993080139,	-21.0,	-21.0,	-21.0,	-21
4125128,	3107.7158484458923,	-21.0,	-21.0,	-20.9,	-20
4132706,	3113.2419588565826,	-21.0,	-21.0,	-21.0,	-21
4140290,	3118.7176518440247,	-21.0,	-21.0,	-21.0,	-21
4147936,	3124.4036786556244,	-21.0,	-21.0,	-21.0,	-21
4155533,	3130.0480942726135,	-21.0,	-21.0,	-21.0,	-21
4163137,	3135.6307809352875,	-21.0,	-21.0,	-21.0,	-21
4170706,	3141.010050058365,	-21.0,	-21.0,	-21.0,	-21
4178297,	3146.554917573929,	-21.0,	-21.0,	-21.0,	-21
4185937,	3151.97443819046,	-21.0,	-21.0,	-21.0,	-21
4193519,	3157.5818526744843,	-21.0,	-21.0,	-21.0,	-21
4201100,	3163.324818611145,	-21.0,	-21.0,	-21.0,	-21
4208682,	3168.8017625808716,	-21.0,	-21.0,	-21.0,	-21
4216411,	3174.7316160202026,	-21.0,	-21.0,	-20.9,	-20
4223993,	3180.095246553421,	-21.0,	-21.0,	-21.0,	-21
4231570,	3185.6128244400024,	-21.0,	-21.0,	-21.0,	-21
4239147,	3191.2145223617554,	-21.0,	-21.0,	-21.0,	-21
4246761,	3196.9447650909424,	-21.0,	-21.0,	-21.0,	-21
4254512,	3202.9255895614624,	-21.0,	-21.0,	-20.9,	-20
4262096,	3208.4219329357147,	-21.0,	-21.0,	-21.0,	-21
4269686,	3214.0479702949524,	-21.0,	-21.0,	-21.0,	-21
4277274,	3219.5782935619354,	-21.0,	-21.0,	-21.0,	-21
4284862,	3225.2416372299194,	-21.0,	-21.0,	-21.0,	-21
4292506,	3230.847953557968,	-21.0,	-21.0,	-21.0,	-21
4300087,	3236.335962533951,	-21.0,	-21.0,	-21.0,	-21
4307669,	3241.8628511428833,	-21.0,	-21.0,	-21.0,	-21
4315250,	3247.3188552856445,	-21.0,	-21.0,	-21.0,	-21
4322840,	3252.746556043625,	-21.0,	-21.0,	-21.0,	-21
4330428,	3258.419741868973,	-21.0,	-21.0,	-21.0,	-21
4337999,	3263.9447379112244,	-21.0,	-21.0,	-21.0,	-21
4345582,	3269.515376329422,	-21.0,	-21.0,	-21.0,	-21
4353169,	3274.9676756858826,	-21.0,	-21.0,	-21.0,	-21
4360763,	3280.343854665756,	-21.0,	-21.0,	-21.0,	-21
4368344,	3285.913476228714,	-21.0,	-21.0,	-21.0,	-21
4375929,	3291.368804216385,	-21.0,	-21.0,	-21.0,	-21
4383523,	3296.974497795105,	-21.0,	-21.0,	-21.0,	-21
4391112,	3302.397655725479,	-21.0,	-21.0,	-21.0,	-21
4399888,	3311.159015893936,	-21.0,	-21.0,	-21.0,	-21
4407476,	3316.751936674118,	-21.0,	-21.0,	-21.0,	-21
4415086,	3322.245479106903,	-21.0,	-21.0,	-21.0,	-21
4422676,	3327.901523590088,	-21.0,	-21.0,	-21.0,	-21
4430265,	3333.4383063316345,	-21.0,	-21.0,	-21.0,	-21
4437912,	3339.100166320801,	-21.0,	-21.0,	-21.0,	-21
4445502,	3344.843630552292,	-21.0,	-21.0,	-21.0,	-21
4453091,	3350.4542129039764,	-21.0,	-21.0,	-21.0,	-21
4460678,	3355.941963672638,	-21.0,	-21.0,	-21.0,	-21
4468262,	3361.542535305023,	-21.0,	-21.0,	-21.0,	-21
4475845,	3366.968633413315,	-21.0,	-21.0,	-21.0,	-21
4483532,	3372.598666191101,	-21.0,	-21.0,	-21.0,	-21
4491176,	3378.143622159958,	-21.0,	-21.0,	-21.0,	-21
4498756,	3383.6974153518677,	-21.0,	-21.0,	-21.0,	-21
4506346,	3389.243552684784,	-21.0,	-21.0,	-21.0,	-21
4513936,	3394.7320806980133,	-21.0,	-21.0,	-21.0,	-21
4521546,	3400.196020126343,	-21.0,	-21.0,	-21.0,	-21
4529186,	3405.807176589966,	-21.0,	-21.0,	-21.0,	-21
4536788,	3411.3590145111084,	-21.0,	-21.0,	-21.0,	-21
4544368,	3416.859021425247,	-21.0,	-21.0,	-21.0,	-21
4551954,	3422.4654693603516,	-21.0,	-21.0,	-21.0,	-21
4559527,	3428.1474173069,	-21.0,	-21.0,	-21.0,	-21
4567186,	3433.8824882507324,	-21.0,	-21.0,	-20.9,	-20
4574764,	3439.341646671295,	-21.0,	-21.0,	-21.0,	-21
4582367,	3444.8455255031586,	-21.0,	-21.0,	-21.0,	-21
4590031,	3450.4062852859497,	-21.0,	-21.0,	-20.9,	-20
4597622,	3456.0897483825684,	-21.0,	-21.0,	-21.0,	-21
4605208,	3461.5531952381134,	-21.0,	-21.0,	-21.0,	-21
4612930,	3467.4079802036285,	-21.0,	-21.0,	-20.9,	-20
4620598,	3473.0857520103455,	-21.0,	-21.0,	-20.9,	-20
4628187,	3478.6074135303497,	-21.0,	-21.0,	-21.0,	-21
4636086,	3484.640008687973,	-21.0,	-21.0,	-20.9,	-20
4643742,	3490.2758736610413,	-21.0,	-21.0,	-20.9,	-20
4651333,	3495.8940193653107,	-21.0,	-21.0,	-21.0,	-21
4658914,	3501.545760154724,	-21.0,	-21.0,	-21.0,	-21
4666652,	3507.3777997493744,	-21.0,	-21.0,	-21.0,	-21
4674293,	3512.863212585449,	-21.0,	-21.0,	-21.0,	-21
4681886,	3518.4468376636505,	-21.0,	-21.0,	-21.0,	-21
4689538,	3523.982503414154,	-21.0,	-21.0,	-21.0,	-21
4697117,	3529.532959461212,	-21.0,	-21.0,	-21.0,	-21
4704696,	3534.926011800766,	-21.0,	-21.0,	-21.0,	-21
4712280,	3540.239759683609,	-21.0,	-21.0,	-21.0,	-21
4719857,	3545.762727022171,	-21.0,	-21.0,	-21.0,	-21
4727493,	3551.407931804657,	-21.0,	-21.0,	-21.0,	-21
4735083,	3557.0634264945984,	-21.0,	-21.0,	-21.0,	-21
4742670,	3562.594462633133,	-21.0,	-21.0,	-21.0,	-21
4750249,	3568.141855239868,	-21.0,	-21.0,	-21.0,	-21
4757821,	3573.6702303886414,	-21.0,	-21.0,	-21.0,	-21
4765406,	3579.2701246738434,	-21.0,	-21.0,	-21.0,	-21
4772995,	3584.7465517520905,	-21.0,	-21.0,	-21.0,	-21
4780580,	3590.2227408885956,	-21.0,	-21.0,	-21.0,	-21
4788172,	3595.820457458496,	-21.0,	-21.0,	-21.0,	-21
4795753,	3601.435399055481,	-21.0,	-21.0,	-21.0,	-21
4803348,	3606.9885516166687,	-21.0,	-21.0,	-21.0,	-21
4810926,	3612.5032517910004,	-21.0,	-21.0,	-21.0,	-21
4818515,	3618.1224629879,	-21.0,	-21.0,	-21.0,	-21
4826096,	3623.722987651825,	-21.0,	-21.0,	-21.0,	-21
4833681,	3629.1650726795197,	-21.0,	-21.0,	-21.0,	-21
4841271,	3634.7440412044525,	-21.0,	-21.0,	-21.0,	-21
4848851,	3640.368587255478,	-21.0,	-21.0,	-21.0,	-21
4856437,	3645.8534643650055,	-21.0,	-21.0,	-21.0,	-21
4864019,	3651.3661620616913,	-21.0,	-21.0,	-21.0,	-21
4871607,	3656.9712834358215,	-21.0,	-21.0,	-21.0,	-21
4879195,	3662.5050835609436,	-21.0,	-21.0,	-21.0,	-21
4886769,	3668.1334466934204,	-21.0,	-21.0,	-21.0,	-21
4894367,	3673.7397980690002,	-21.0,	-21.0,	-21.0,	-21
4901957,	3679.2729959487915,	-21.0,	-21.0,	-21.0,	-21
4909548,	3684.767907857895,	-21.0,	-21.0,	-21.0,	-21
4917128,	3690.426656484604,	-21.0,	-21.0,	-21.0,	-21
4924706,	3695.9759027957916,	-21.0,	-21.0,	-21.0,	-21
4932293,	3701.512190580368,	-21.0,	-21.0,	-21.0,	-21
4939867,	3707.033529520035,	-21.0,	-21.0,	-21.0,	-21
4947449,	3712.3978168964386,	-21.0,	-21.0,	-21.0,	-21
4955026,	3717.961569547653,	-21.0,	-21.0,	-21.0,	-21
4962611,	3723.6622154712677,	-21.0,	-21.0,	-21.0,	-21
4970284,	3729.359259366989,	-21.0,	-21.0,	-20.9,	-20
4977881,	3734.884251832962,	-21.0,	-21.0,	-21.0,	-21
4985475,	3740.5011570453644,	-21.0,	-21.0,	-21.0,	-21
4993101,	3746.0708928108215,	-21.0,	-21.0,	-21.0,	-21
5001104,	3752.6507289409637,	-20.5,	-20.0,	-21.0,	-21
5008709,	3758.314041852951,	-21.0,	-21.0,	-21.0,	-21
5016315,	3763.8864097595215,	-21.0,	-21.0,	-21.0,	-21
5023913,	3769.440617084503,	-21.0,	-21.0,	-21.0,	-21
5031497,	3774.825127363205,	-21.0,	-21.0,	-21.0,	-21
5039111,	3780.332669734955,	-21.0,	-21.0,	-21.0,	-21
5046698,	3785.961277484894,	-21.0,	-21.0,	-21.0,	-21
5054339,	3791.679636001587,	-21.0,	-21.0,	-21.0,	-21
5061948,	3797.1028411388397,	-21.0,	-21.0,	-21.0,	-21
5069593,	3802.5247898101807,	-21.0,	-21.0,	-21.0,	-21
5077247,	3808.4704320430756,	-21.0,	-21.0,	-20.9,	-20
5084830,	3814.0513331890106,	-21.0,	-21.0,	-21.0,	-21
5092410,	3819.7355387210846,	-21.0,	-21.0,	-21.0,	-21
5099997,	3825.241795063019,	-21.0,	-21.0,	-21.0,	-21
5107589,	3830.767141342163,	-21.0,	-21.0,	-21.0,	-21
5115180,	3836.2487423419952,	-21.0,	-21.0,	-21.0,	-21
5122763,	3841.8210678100586,	-21.0,	-21.0,	-21.0,	-21
5130342,	3847.336195707321,	-21.0,	-21.0,	-21.0,	-21
5137959,	3852.9608495235443,	-21.0,	-21.0,	-21.0,	-21
5145546,	3858.6037566661835,	-21.0,	-21.0,	-21.0,	-21
5153144,	3864.199907541275,	-21.0,	-21.0,	-21.0,	-21
5160729,	3869.827304840088,	-21.0,	-21.0,	-21.0,	-21
5168303,	3875.4509603977203,	-21.0,	-21.0,	-21.0,	-21
5175895,	3881.114283800125,	-21.0,	-21.0,	-21.0,	-21
5183465,	3886.7769055366516,	-21.0,	-21.0,	-21.0,	-21
5191036,	3892.3718569278717,	-21.0,	-21.0,	-21.0,	-21
5198621,	3897.9359748363495,	-21.0,	-21.0,	-21.0,	-21
5206203,	3903.4539601802826,	-21.0,	-21.0,	-21.0,	-21
5213779,	3908.9621086120605,	-21.0,	-21.0,	-21.0,	-21
5221366,	3914.515697956085,	-21.0,	-21.0,	-21.0,	-21
5228953,	3920.1047546863556,	-21.0,	-21.0,	-21.0,	-21
5236537,	3925.6102344989777,	-21.0,	-21.0,	-21.0,	-21
5244133,	3931.3240661621094,	-21.0,	-21.0,	-21.0,	-21
5251729,	3937.05357503891,	-21.0,	-21.0,	-21.0,	-21
5259316,	3942.721596479416,	-21.0,	-21.0,	-21.0,	-21
5266898,	3948.574410200119,	-21.0,	-21.0,	-21.0,	-21
5274494,	3954.085141181946,	-21.0,	-21.0,	-21.0,	-21
5282078,	3959.517777442932,	-21.0,	-21.0,	-21.0,	-21
5289653,	3965.0186030864716,	-21.0,	-21.0,	-21.0,	-21
5297228,	3970.4327685832977,	-21.0,	-21.0,	-21.0,	-21
5304811,	3975.9533429145813,	-21.0,	-21.0,	-21.0,	-21
5312405,	3981.448008298874,	-21.0,	-21.0,	-21.0,	-21
5320137,	3987.177886247635,	-21.0,	-21.0,	-20.9,	-20
5327729,	3992.5183663368225,	-21.0,	-21.0,	-21.0,	-21
5335312,	3998.018840789795,	-21.0,	-21.0,	-21.0,	-21
5342895,	4003.5701813697815,	-21.0,	-21.0,	-21.0,	-21
5350478,	4009.1259150505066,	-21.0,	-21.0,	-21.0,	-21
5358071,	4014.7275421619415,	-21.0,	-21.0,	-21.0,	-21
5365645,	4020.2636415958405,	-21.0,	-21.0,	-21.0,	-21
5373242,	4025.688891649246,	-21.0,	-21.0,	-21.0,	-21
5380826,	4031.295162677765,	-21.0,	-21.0,	-21.0,	-21
5388411,	4037.091184616089,	-21.0,	-21.0,	-21.0,	-21
5395989,	4042.6742012500763,	-21.0,	-21.0,	-21.0,	-21
5403641,	4048.2415494918823,	-21.0,	-21.0,	-21.0,	-21
5411759,	4055.179276943207,	-21.0,	-21.0,	-21.0,	-21
5419426,	4060.7370884418488,	-21.0,	-21.0,	-20.9,	-20
5427081,	4066.3590109348297,	-21.0,	-21.0,	-20.9,	-20
5434672,	4075.0650584697723,	-21.0,	-21.0,	-21.0,	-21
5442320,	4080.555315732956,	-21.0,	-21.0,	-21.0,	-21
5449925,	4086.1295762062073,	-21.0,	-21.0,	-21.0,	-21
5457504,	4091.831251144409,	-21.0,	-21.0,	-21.0,	-21
5465095,	4097.271248102188,	-21.0,	-21.0,	-21.0,	-21
5472679,	4102.7060034275055,	-21.0,	-21.0,	-21.0,	-21
5480257,	4108.341860771179,	-21.0,	-21.0,	-21.0,	-21
5487842,	4114.0330929756165,	-21.0,	-21.0,	-21.0,	-21
5495434,	4119.692256689072,	-21.0,	-21.0,	-21.0,	-21
5503023,	4125.158965110779,	-21.0,	-21.0,	-21.0,	-21
5510647,	4130.8333830833435,	-21.0,	-21.0,	-21.0,	-21
5518219,	4136.444537639618,	-21.0,	-21.0,	-21.0,	-21
5525799,	4142.062514066696,	-21.0,	-21.0,	-21.0,	-21
5533399,	4147.529198646545,	-21.0,	-21.0,	-21.0,	-21
5540989,	4153.16631937027,	-21.0,	-21.0,	-21.0,	-21
5548572,	4158.773385763168,	-21.0,	-21.0,	-21.0,	-21
5556161,	4164.194315671921,	-21.0,	-21.0,	-21.0,	-21
5563733,	4169.7091698646545,	-21.0,	-21.0,	-21.0,	-21
5571326,	4175.197956085205,	-21.0,	-21.0,	-21.0,	-21
5578930,	4180.744757413864,	-21.0,	-21.0,	-21.0,	-21
5586510,	4186.2130579948425,	-21.0,	-21.0,	-21.0,	-21
5594088,	4191.8432466983795,	-21.0,	-21.0,	-21.0,	-21
5601664,	4197.433749198914,	-21.0,	-21.0,	-21.0,	-21
5609259,	4203.219007015228,	-21.0,	-21.0,	-21.0,	-21
5616847,	4208.664150714874,	-21.0,	-21.0,	-21.0,	-21
5624428,	4214.165939331055,	-21.0,	-21.0,	-21.0,	-21
5632025,	4219.7371509075165,	-21.0,	-21.0,	-21.0,	-21
5639615,	4225.295214891434,	-21.0,	-21.0,	-21.0,	-21
5647201,	4230.759539842606,	-21.0,	-21.0,	-21.0,	-21
5654777,	4236.431388139725,	-21.0,	-21.0,	-21.0,	-21
5662379,	4241.943052530289,	-21.0,	-21.0,	-21.0,	-21
5669972,	4247.816391468048,	-21.0,	-21.0,	-21.0,	-21
5677555,	4253.4169335365295,	-21.0,	-21.0,	-21.0,	-21
5685140,	4258.924114227295,	-21.0,	-21.0,	-21.0,	-21
5692737,	4264.349983692169,	-21.0,	-21.0,	-21.0,	-21
5700321,	4269.910259485245,	-21.0,	-21.0,	-21.0,	-21
5707896,	4275.401918172836,	-21.0,	-21.0,	-21.0,	-21
5715474,	4280.854010105133,	-21.0,	-21.0,	-21.0,	-21
5723054,	4286.342794895172,	-21.0,	-21.0,	-21.0,	-21
5730643,	4291.86504983902,	-21.0,	-21.0,	-21.0,	-21
5738219,	4297.3685076236725,	-21.0,	-21.0,	-21.0,	-21
5745795,	4303.071985006332,	-21.0,	-21.0,	-21.0,	-21
5753378,	4308.712513208389,	-21.0,	-21.0,	-21.0,	-21
5760965,	4314.279794216156,	-21.0,	-21.0,	-21.0,	-21
5768545,	4319.732891082764,	-21.0,	-21.0,	-21.0,	-21
5776128,	4325.428456783295,	-21.0,	-21.0,	-21.0,	-21
5783714,	4330.937530755997,	-21.0,	-21.0,	-21.0,	-21
5791299,	4336.544930696487,	-21.0,	-21.0,	-21.0,	-21
5798887,	4342.088665485382,	-21.0,	-21.0,	-21.0,	-21
5806477,	4347.6279900074005,	-21.0,	-21.0,	-21.0,	-21
5814063,	4353.10696554184,	-21.0,	-21.0,	-21.0,	-21
5821646,	4358.6547112464905,	-21.0,	-21.0,	-21.0,	-21
5829235,	4364.247060537338,	-21.0,	-21.0,	-21.0,	-21
5836806,	4370.020587921143,	-21.0,	-21.0,	-21.0,	-21
5844386,	4375.786243438721,	-21.0,	-21.0,	-21.0,	-21
5851982,	4381.258863210678,	-21.0,	-21.0,	-21.0,	-21
5859572,	4386.828635692596,	-21.0,	-21.0,	-21.0,	-21
5867152,	4392.310959339142,	-21.0,	-21.0,	-21.0,	-21
5874735,	4398.054741859436,	-21.0,	-21.0,	-21.0,	-21
5882329,	4403.552609920502,	-21.0,	-21.0,	-21.0,	-21
5889917,	4409.213794469833,	-21.0,	-21.0,	-21.0,	-21
5897516,	4414.923841714859,	-21.0,	-21.0,	-21.0,	-21
5905104,	4420.575265169144,	-21.0,	-21.0,	-21.0,	-21
5912702,	4426.1172387599945,	-21.0,	-21.0,	-21.0,	-21
5920277,	4431.5393607616425,	-21.0,	-21.0,	-21.0,	-21
5927851,	4436.989393949509,	-21.0,	-21.0,	-21.0,	-21
5935431,	4442.6184203624725,	-21.0,	-21.0,	-21.0,	-21
5943028,	4448.325720071793,	-21.0,	-21.0,	-21.0,	-21
5950632,	4453.97149348259,	-21.0,	-21.0,	-21.0,	-21
5958229,	4459.651807785034,	-21.0,	-21.0,	-21.0,	-21
5965805,	4465.358282804489,	-21.0,	-21.0,	-21.0,	-21
5973390,	4470.89798951149,	-21.0,	-21.0,	-21.0,	-21
5980970,	4476.413997411728,	-21.0,	-21.0,	-21.0,	-21
5988548,	4481.913661003113,	-21.0,	-21.0,	-21.0,	-21
5996140,	4487.580467939377,	-21.0,	-21.0,	-21.0,	-21
6003730,	4492.907944440842,	-21.0,	-21.0,	-21.0,	-21
6011318,	4498.588757276535,	-21.0,	-21.0,	-21.0,	-21
6018908,	4504.076843738556,	-21.0,	-21.0,	-21.0,	-21
6026486,	4509.639136791229,	-21.0,	-21.0,	-21.0,	-21
6034063,	4515.3199553489685,	-21.0,	-21.0,	-21.0,	-21
6041645,	4520.839980840683,	-21.0,	-21.0,	-21.0,	-21
6049229,	4526.5359563827515,	-21.0,	-21.0,	-21.0,	-21
6056811,	4532.132858276367,	-21.0,	-21.0,	-21.0,	-21
6064399,	4537.593667268753,	-21.0,	-21.0,	-21.0,	-21
6071992,	4542.9762580394745,	-21.0,	-21.0,	-21.0,	-21
6079576,	4548.592514038086,	-21.0,	-21.0,	-21.0,	-21
6087158,	4554.1568768024445,	-21.0,	-21.0,	-21.0,	-21
6094747,	4559.786721229553,	-21.0,	-21.0,	-21.0,	-21
6102329,	4565.379176855087,	-21.0,	-21.0,	-21.0,	-21
6109918,	4570.940966367722,	-21.0,	-21.0,	-21.0,	-21
6117501,	4576.3069405555725,	-21.0,	-21.0,	-21.0,	-21
6125090,	4581.892721652985,	-21.0,	-21.0,	-21.0,	-21
6132674,	4587.431777715683,	-21.0,	-21.0,	-21.0,	-21
6140255,	4593.137749910355,	-21.0,	-21.0,	-21.0,	-21
6147830,	4598.857393741608,	-21.0,	-21.0,	-21.0,	-21
6155409,	4604.547400474548,	-21.0,	-21.0,	-21.0,	-21
6162980,	4610.142503738403,	-21.0,	-21.0,	-21.0,	-21
6170563,	4615.834664821625,	-21.0,	-21.0,	-21.0,	-21
6178153,	4621.467978239059,	-21.0,	-21.0,	-21.0,	-21
6185736,	4626.9630789756775,	-21.0,	-21.0,	-21.0,	-21
6193318,	4632.619461774826,	-21.0,	-21.0,	-21.0,	-21
6200899,	4638.142311096191,	-21.0,	-21.0,	-21.0,	-21
6208479,	4643.737507343292,	-21.0,	-21.0,	-21.0,	-21
6216062,	4649.402540206909,	-21.0,	-21.0,	-21.0,	-21
6223655,	4654.964086771011,	-21.0,	-21.0,	-21.0,	-21
6231239,	4660.505067825317,	-21.0,	-21.0,	-21.0,	-21
6238825,	4666.154878854752,	-21.0,	-21.0,	-21.0,	-21
6246407,	4671.720279455185,	-21.0,	-21.0,	-21.0,	-21
6253990,	4677.270037651062,	-21.0,	-21.0,	-21.0,	-21
6261589,	4682.7081570625305,	-21.0,	-21.0,	-21.0,	-21
6269164,	4688.221038341522,	-21.0,	-21.0,	-21.0,	-21
6276742,	4693.661194086075,	-21.0,	-21.0,	-21.0,	-21
6284332,	4699.072899580002,	-21.0,	-21.0,	-21.0,	-21
6291912,	4704.751366615295,	-21.0,	-21.0,	-21.0,	-21
6299497,	4710.440768241882,	-21.0,	-21.0,	-21.0,	-21
6307072,	4715.877736568451,	-21.0,	-21.0,	-21.0,	-21
6314648,	4721.505344152451,	-21.0,	-21.0,	-21.0,	-21
6322253,	4727.142224311829,	-21.0,	-21.0,	-21.0,	-21
6329845,	4732.640714168549,	-21.0,	-21.0,	-21.0,	-21
6337426,	4738.219621181488,	-21.0,	-21.0,	-21.0,	-21
6345008,	4743.912389755249,	-21.0,	-21.0,	-21.0,	-21
6352593,	4749.407009840012,	-21.0,	-21.0,	-21.0,	-21
6360181,	4754.919696807861,	-21.0,	-21.0,	-21.0,	-21
6367759,	4760.363898277283,	-21.0,	-21.0,	-21.0,	-21
6375351,	4766.067442655563,	-21.0,	-21.0,	-21.0,	-21
6382920,	4771.3887457847595,	-21.0,	-21.0,	-21.0,	-21
6390511,	4777.001180171967,	-21.0,	-21.0,	-21.0,	-21
6398098,	4782.515290737152,	-21.0,	-21.0,	-21.0,	-21
6405691,	4788.252020597458,	-21.0,	-21.0,	-21.0,	-21
6413278,	4793.932501554489,	-21.0,	-21.0,	-21.0,	-21
6420859,	4799.466176271439,	-21.0,	-21.0,	-21.0,	-21
6428448,	4804.993837594986,	-21.0,	-21.0,	-21.0,	-21
6436030,	4810.515940904617,	-21.0,	-21.0,	-21.0,	-21
6443617,	4816.075335979462,	-21.0,	-21.0,	-21.0,	-21
6451202,	4821.745896577835,	-21.0,	-21.0,	-21.0,	-21
6458780,	4827.27259516716,	-21.0,	-21.0,	-21.0,	-21
6466366,	4832.836722135544,	-21.0,	-21.0,	-21.0,	-21
6473953,	4838.368267297745,	-21.0,	-21.0,	-21.0,	-21
6481537,	4843.961706876755,	-21.0,	-21.0,	-21.0,	-21
6489130,	4849.508228063583,	-21.0,	-21.0,	-21.0,	-21
6496713,	4855.243601322174,	-21.0,	-21.0,	-21.0,	-21
6504295,	4860.782838344574,	-21.0,	-21.0,	-21.0,	-21
6511887,	4866.439021348953,	-21.0,	-21.0,	-21.0,	-21
6519475,	4872.058927059174,	-21.0,	-21.0,	-21.0,	-21
6527061,	4877.648657798767,	-21.0,	-21.0,	-21.0,	-21
6534649,	4883.23411989212,	-21.0,	-21.0,	-21.0,	-21
6542221,	4888.794892072678,	-21.0,	-21.0,	-21.0,	-21
6549814,	4894.2190017700195,	-21.0,	-21.0,	-21.0,	-21
6557391,	4899.796544551849,	-21.0,	-21.0,	-21.0,	-21
6564976,	4905.375246763229,	-21.0,	-21.0,	-21.0,	-21
6572558,	4911.101543903351,	-21.0,	-21.0,	-21.0,	-21
6580134,	4916.628459215164,	-21.0,	-21.0,	-21.0,	-21
6587728,	4922.319384336472,	-21.0,	-21.0,	-21.0,	-21
6595312,	4927.96662902832,	-21.0,	-21.0,	-21.0,	-21
6602905,	4933.439956188202,	-21.0,	-21.0,	-21.0,	-21
6610486,	4939.12181019783,	-21.0,	-21.0,	-21.0,	-21
6618073,	4944.516780138016,	-21.0,	-21.0,	-21.0,	-21
6625655,	4950.206698417664,	-21.0,	-21.0,	-21.0,	-21
6633243,	4955.89960026741,	-21.0,	-21.0,	-21.0,	-21
6640836,	4961.6048929691315,	-21.0,	-21.0,	-21.0,	-21
6648425,	4966.992299556732,	-21.0,	-21.0,	-21.0,	-21
6656014,	4972.387880325317,	-21.0,	-21.0,	-21.0,	-21
6663585,	4977.885802268982,	-21.0,	-21.0,	-21.0,	-21
6671165,	4983.364735364914,	-21.0,	-21.0,	-21.0,	-21
6678754,	4989.01072883606,	-21.0,	-21.0,	-21.0,	-21
6686345,	4994.535578250885,	-21.0,	-21.0,	-21.0,	-21
6693927,	4999.920960903168,	-21.0,	-21.0,	-21.0,	-21
6701507,	5005.479151248932,	-21.0,	-21.0,	-21.0,	-21
6709088,	5011.078613519669,	-21.0,	-21.0,	-21.0,	-21
6716664,	5016.527459859848,	-21.0,	-21.0,	-21.0,	-21
6724259,	5022.268848180771,	-21.0,	-21.0,	-21.0,	-21
6731846,	5027.868050336838,	-21.0,	-21.0,	-21.0,	-21
6739436,	5033.486396312714,	-21.0,	-21.0,	-21.0,	-21
6747025,	5039.1041123867035,	-21.0,	-21.0,	-21.0,	-21
6754608,	5044.716631412506,	-21.0,	-21.0,	-21.0,	-21
6762190,	5050.306572675705,	-21.0,	-21.0,	-21.0,	-21
6769774,	5055.854215860367,	-21.0,	-21.0,	-21.0,	-21
6777352,	5061.226198673248,	-21.0,	-21.0,	-21.0,	-21
6784938,	5066.874545574188,	-21.0,	-21.0,	-21.0,	-21
6792529,	5072.3413372039795,	-21.0,	-21.0,	-21.0,	-21
6800119,	5078.040686845779,	-21.0,	-21.0,	-21.0,	-21
6807710,	5083.438938379288,	-21.0,	-21.0,	-21.0,	-21
6815292,	5089.0740349292755,	-21.0,	-21.0,	-21.0,	-21
6822877,	5094.577576875687,	-21.0,	-21.0,	-21.0,	-21
6830468,	5100.150465250015,	-21.0,	-21.0,	-21.0,	-21
6838049,	5105.725282669067,	-21.0,	-21.0,	-21.0,	-21
6845624,	5111.216726779938,	-21.0,	-21.0,	-21.0,	-21
6853219,	5116.87083363533,	-21.0,	-21.0,	-21.0,	-21
6860796,	5122.4255194664,	-21.0,	-21.0,	-21.0,	-21
6868398,	5127.938106536865,	-21.0,	-21.0,	-21.0,	-21
6875983,	5133.612819433212,	-21.0,	-21.0,	-21.0,	-21
6883686,	5139.439338445663,	-21.0,	-21.0,	-21.0,	-21
6891275,	5145.087937831879,	-21.0,	-21.0,	-21.0,	-21
6898851,	5150.664900779724,	-21.0,	-21.0,	-21.0,	-21
6906648,	5156.5452291965485,	-21.0,	-21.0,	-20.9,	-20
6914413,	5162.360934019089,	-21.0,	-21.0,	-21.0,	-21
6922011,	5167.983670949936,	-21.0,	-21.0,	-21.0,	-21
6929607,	5173.395904779434,	-21.0,	-21.0,	-21.0,	-21
6939690,	5182.402938127518,	-21.0,	-21.0,	-21.0,	-21
6947282,	5187.921741247177,	-21.0,	-21.0,	-21.0,	-21
6954866,	5193.490159034729,	-21.0,	-21.0,	-21.0,	-21
6962451,	5199.112891197205,	-21.0,	-21.0,	-21.0,	-21
6970034,	5204.762600660324,	-21.0,	-21.0,	-21.0,	-21
6977635,	5210.334778547287,	-21.0,	-21.0,	-21.0,	-21
6985338,	5216.169010877609,	-21.0,	-21.0,	-21.0,	-21
6992991,	5221.654804468155,	-21.0,	-21.0,	-21.0,	-21
7000577,	5227.283997774124,	-21.0,	-21.0,	-21.0,	-21
7008750,	5234.420953512192,	-21.0,	-21.0,	-21.0,	-21
7017670,	5243.5055809021,	-21.0,	-21.0,	-21.0,	-21
7025249,	5249.060837268829,	-21.0,	-21.0,	-21.0,	-21
7032838,	5254.798380613327,	-21.0,	-21.0,	-21.0,	-21
7041712,	5263.903970718384,	-21.0,	-21.0,	-21.0,	-21
7049358,	5269.818077802658,	-21.0,	-21.0,	-21.0,	-21
7056952,	5275.346799135208,	-21.0,	-21.0,	-21.0,	-21
7064651,	5281.196702241898,	-21.0,	-21.0,	-21.0,	-21
7072239,	5286.880727291107,	-21.0,	-21.0,	-21.0,	-21
7081178,	5295.737672805786,	-21.0,	-21.0,	-20.9,	-20
7088766,	5301.428628444672,	-21.0,	-21.0,	-21.0,	-21
7096340,	5306.937965631485,	-21.0,	-21.0,	-21.0,	-21
7103917,	5312.497287034988,	-21.0,	-21.0,	-21.0,	-21
7111694,	5318.383273601532,	-21.0,	-21.0,	-20.8,	-19
7119275,	5323.9367344379425,	-21.0,	-21.0,	-21.0,	-21
7126982,	5329.799173116684,	-21.0,	-21.0,	-21.0,	-21
7134565,	5335.447211742401,	-21.0,	-21.0,	-21.0,	-21
7142148,	5341.024301290512,	-21.0,	-21.0,	-21.0,	-21
7149856,	5346.653623819351,	-21.0,	-21.0,	-21.0,	-21
7157819,	5353.064798593521,	-21.0,	-21.0,	-21.0,	-21
7165407,	5358.687204360962,	-21.0,	-21.0,	-21.0,	-21
7172996,	5364.337781667709,	-21.0,	-21.0,	-21.0,	-21
7181186,	5371.289110183716,	-21.0,	-21.0,	-21.0,	-21
7188780,	5376.577827215195,	-21.0,	-21.0,	-21.0,	-21
7196369,	5381.937588453293,	-21.0,	-21.0,	-21.0,	-21
7203958,	5387.272243261337,	-21.0,	-21.0,	-21.0,	-21
7211537,	5392.806196689606,	-21.0,	-21.0,	-21.0,	-21
7219235,	5398.4486355781555,	-21.0,	-21.0,	-21.0,	-21
7227478,	5405.3646359443665,	-21.0,	-21.0,	-21.0,	-21
7235055,	5410.731129407883,	-21.0,	-21.0,	-21.0,	-21
7242631,	5416.152222156525,	-21.0,	-21.0,	-21.0,	-21
7250217,	5421.69171833992,	-21.0,	-21.0,	-21.0,	-21
7257792,	5427.238636016846,	-21.0,	-21.0,	-21.0,	-21
7265378,	5432.937473058701,	-21.0,	-21.0,	-21.0,	-21
7272971,	5438.4489850997925,	-21.0,	-21.0,	-21.0,	-21
7280568,	5444.048782587051,	-21.0,	-21.0,	-21.0,	-21
7288166,	5449.602204084396,	-21.0,	-21.0,	-21.0,	-21
7295751,	5454.969794511795,	-21.0,	-21.0,	-21.0,	-21
7303330,	5460.284960508347,	-21.0,	-21.0,	-21.0,	-21
7310937,	5465.7679216861725,	-21.0,	-21.0,	-21.0,	-21
7318525,	5471.252818107605,	-21.0,	-21.0,	-21.0,	-21
7326112,	5476.913626909256,	-21.0,	-21.0,	-21.0,	-21
7333699,	5482.236179590225,	-21.0,	-21.0,	-21.0,	-21
7341285,	5487.793154478073,	-21.0,	-21.0,	-21.0,	-21
7348861,	5493.376704216003,	-21.0,	-21.0,	-21.0,	-21
7356440,	5498.665695428848,	-21.0,	-21.0,	-21.0,	-21
7364025,	5504.406201601028,	-21.0,	-21.0,	-21.0,	-21
7371855,	5510.348553657532,	-21.0,	-21.0,	-21.0,	-21
7379434,	5515.86367225647,	-21.0,	-21.0,	-21.0,	-21
7387687,	5523.080057144165,	-21.0,	-21.0,	-21.0,	-21
7395269,	5528.5135045051575,	-21.0,	-21.0,	-21.0,	-21
7403266,	5534.909958124161,	-21.0,	-21.0,	-21.0,	-21
7410848,	5540.825515270233,	-21.0,	-21.0,	-21.0,	-21
7418690,	5547.225930452347,	-21.0,	-21.0,	-21.0,	-21
7426271,	5553.091740369797,	-21.0,	-21.0,	-21.0,	-21
7434162,	5559.107862472534,	-21.0,	-21.0,	-21.0,	-21
7441750,	5564.737749099731,	-21.0,	-21.0,	-21.0,	-21
7449344,	5570.318909883499,	-21.0,	-21.0,	-21.0,	-21
7456934,	5576.02480506897,	-21.0,	-21.0,	-21.0,	-21
7464524,	5581.522635221481,	-21.0,	-21.0,	-21.0,	-21
7472115,	5587.277225732803,	-21.0,	-21.0,	-21.0,	-21
7479703,	5592.930889368057,	-21.0,	-21.0,	-21.0,	-21
7487286,	5598.815008640289,	-21.0,	-21.0,	-21.0,	-21
7494930,	5604.8741619586945,	-21.0,	-21.0,	-21.0,	-21
7502507,	5610.605317115784,	-21.0,	-21.0,	-21.0,	-21
7510081,	5616.0733053684235,	-21.0,	-21.0,	-21.0,	-21
7517674,	5621.69727563858,	-21.0,	-21.0,	-21.0,	-21
7525258,	5627.5690314769745,	-21.0,	-21.0,	-21.0,	-21
7532835,	5633.223881721497,	-21.0,	-21.0,	-21.0,	-21
7540424,	5638.624681711197,	-21.0,	-21.0,	-21.0,	-21
7548074,	5644.201142549515,	-21.0,	-21.0,	-21.0,	-21
7555662,	5649.797027349472,	-21.0,	-21.0,	-21.0,	-21
7563241,	5655.514332771301,	-21.0,	-21.0,	-21.0,	-21
7570882,	5661.251212358475,	-21.0,	-21.0,	-21.0,	-21
7580267,	5670.967662811279,	-21.0,	-21.0,	-21.0,	-21
7587849,	5676.600559473038,	-21.0,	-21.0,	-21.0,	-21
7595492,	5682.392750740051,	-21.0,	-21.0,	-21.0,	-21
7603087,	5688.197558164597,	-21.0,	-21.0,	-21.0,	-21
7610670,	5693.572563171387,	-21.0,	-21.0,	-21.0,	-21
7618258,	5699.203000545502,	-21.0,	-21.0,	-21.0,	-21
7626155,	5705.595366001129,	-21.0,	-21.0,	-21.0,	-21
7633731,	5711.131680011749,	-21.0,	-21.0,	-21.0,	-21
7641320,	5717.045187473297,	-21.0,	-21.0,	-21.0,	-21
7649024,	5723.184298753738,	-21.0,	-21.0,	-21.0,	-21
7656738,	5729.146185159683,	-21.0,	-21.0,	-21.0,	-21
7664388,	5734.97074007988,	-21.0,	-21.0,	-21.0,	-21
7672299,	5741.289101600647,	-21.0,	-21.0,	-21.0,	-21
7679879,	5746.839147806168,	-21.0,	-21.0,	-21.0,	-21
7687459,	5752.467342376709,	-21.0,	-21.0,	-21.0,	-21
7695105,	5758.249280691147,	-21.0,	-21.0,	-21.0,	-21
7702754,	5763.7751586437225,	-21.0,	-21.0,	-21.0,	-21
7710351,	5768.833290815353,	-21.0,	-21.0,	-21.0,	-21
7717934,	5774.21503329277,	-21.0,	-21.0,	-21.0,	-21
7725511,	5779.831959486008,	-21.0,	-21.0,	-21.0,	-21
7733091,	5785.4434180259705,	-21.0,	-21.0,	-21.0,	-21
7740680,	5791.126694440842,	-21.0,	-21.0,	-21.0,	-21
7748269,	5796.732751131058,	-21.0,	-21.0,	-21.0,	-21
7755846,	5802.5358555316925,	-21.0,	-21.0,	-21.0,	-21
7763421,	5808.234091520309,	-21.0,	-21.0,	-21.0,	-21
7771007,	5813.855019569397,	-21.0,	-21.0,	-21.0,	-21
7778600,	5819.754914283752,	-21.0,	-21.0,	-21.0,	-21
7786186,	5825.627403259277,	-21.0,	-21.0,	-21.0,	-21
7793762,	5831.344790697098,	-21.0,	-21.0,	-21.0,	-21
7801353,	5836.939851760864,	-21.0,	-21.0,	-21.0,	-21
7808942,	5842.6626925468445,	-21.0,	-21.0,	-21.0,	-21
7816524,	5848.128030061722,	-21.0,	-21.0,	-21.0,	-21
7824103,	5853.833911180496,	-21.0,	-21.0,	-21.0,	-21
7831686,	5859.421033620834,	-21.0,	-21.0,	-21.0,	-21
7839269,	5865.221322774887,	-21.0,	-21.0,	-21.0,	-21
7846844,	5871.026339292526,	-21.0,	-21.0,	-21.0,	-21
7854437,	5876.770516395569,	-21.0,	-21.0,	-21.0,	-21
7862031,	5882.403109073639,	-21.0,	-21.0,	-21.0,	-21
7869618,	5887.967096567154,	-21.0,	-21.0,	-21.0,	-21
7877204,	5893.833407402039,	-21.0,	-21.0,	-21.0,	-21
7884785,	5899.605047702789,	-21.0,	-21.0,	-21.0,	-21
7892361,	5905.386250972748,	-21.0,	-21.0,	-21.0,	-21
7899950,	5911.093954086304,	-21.0,	-21.0,	-21.0,	-21
7907527,	5916.867594718933,	-21.0,	-21.0,	-21.0,	-21
7915127,	5922.352612018585,	-21.0,	-21.0,	-21.0,	-21
7922713,	5927.921887397766,	-21.0,	-21.0,	-21.0,	-21
7930303,	5933.484417915344,	-21.0,	-21.0,	-21.0,	-21
7937891,	5939.245884656906,	-21.0,	-21.0,	-21.0,	-21
7945474,	5945.057951927185,	-21.0,	-21.0,	-21.0,	-21
7953070,	5950.561116933823,	-21.0,	-21.0,	-21.0,	-21
7960651,	5956.183668851852,	-21.0,	-21.0,	-21.0,	-21
7968236,	5961.808623790741,	-21.0,	-21.0,	-21.0,	-21
7975821,	5967.51877617836,	-21.0,	-21.0,	-21.0,	-21
7983401,	5973.30858874321,	-21.0,	-21.0,	-21.0,	-21
7990975,	5979.221712112427,	-21.0,	-21.0,	-21.0,	-21
7998559,	5984.820484161377,	-21.0,	-21.0,	-21.0,	-21
8006159,	5990.401465415955,	-21.0,	-21.0,	-21.0,	-21
8013742,	5995.8263330459595,	-21.0,	-21.0,	-21.0,	-21
8021331,	6001.070157527924,	-21.0,	-21.0,	-21.0,	-21
8028902,	6006.641948223114,	-21.0,	-21.0,	-21.0,	-21
8036490,	6012.151908636093,	-21.0,	-21.0,	-21.0,	-21
8044079,	6017.532211065292,	-21.0,	-21.0,	-21.0,	-21
8051658,	6023.06104516983,	-21.0,	-21.0,	-21.0,	-21
8059239,	6028.759781837463,	-21.0,	-21.0,	-21.0,	-21
8066825,	6034.485260486603,	-21.0,	-21.0,	-21.0,	-21
8074420,	6040.0212161540985,	-21.0,	-21.0,	-21.0,	-21
8082015,	6045.838513612747,	-21.0,	-21.0,	-21.0,	-21
8089606,	6051.674086332321,	-21.0,	-21.0,	-21.0,	-21
8097189,	6057.415848731995,	-21.0,	-21.0,	-21.0,	-21
8104772,	6063.009797334671,	-21.0,	-21.0,	-21.0,	-21
8112352,	6068.570861816406,	-21.0,	-21.0,	-21.0,	-21
8119932,	6074.062680006027,	-21.0,	-21.0,	-21.0,	-21
8127507,	6079.969805717468,	-21.0,	-21.0,	-21.0,	-21
8135090,	6085.768260002136,	-21.0,	-21.0,	-21.0,	-21
8142669,	6091.496783494949,	-21.0,	-21.0,	-21.0,	-21
8150242,	6097.137951135635,	-21.0,	-21.0,	-21.0,	-21
8157834,	6102.636035442352,	-21.0,	-21.0,	-21.0,	-21
8165414,	6108.243748426437,	-21.0,	-21.0,	-21.0,	-21
8172989,	6113.610201358795,	-21.0,	-21.0,	-21.0,	-21
8180567,	6119.1703515052795,	-21.0,	-21.0,	-21.0,	-21
8188154,	6124.642134904861,	-21.0,	-21.0,	-21.0,	-21
8195745,	6129.865046977997,	-21.0,	-21.0,	-21.0,	-21
8203331,	6135.355357408524,	-21.0,	-21.0,	-21.0,	-21
8210901,	6140.907005310059,	-21.0,	-21.0,	-21.0,	-21
8218481,	6146.7736139297485,	-21.0,	-21.0,	-21.0,	-21
8226067,	6152.045936584473,	-21.0,	-21.0,	-21.0,	-21
8233656,	6157.4543216228485,	-21.0,	-21.0,	-21.0,	-21
8241234,	6162.929401874542,	-21.0,	-21.0,	-21.0,	-21
8249046,	6168.548629760742,	-21.0,	-21.0,	-20.9,	-20
8256727,	6174.196773052216,	-21.0,	-21.0,	-20.9,	-20
8264320,	6179.669183015823,	-21.0,	-21.0,	-21.0,	-21
8272082,	6185.571851968765,	-21.0,	-21.0,	-20.9,	-20
8279834,	6191.412908315659,	-21.0,	-21.0,	-20.9,	-20
8288357,	6199.548336029053,	-21.0,	-21.0,	-20.9,	-20
8295948,	6205.318936109543,	-21.0,	-21.0,	-21.0,	-21
8303604,	6211.146004915237,	-21.0,	-21.0,	-20.9,	-20
8311197,	6216.830553531647,	-21.0,	-21.0,	-21.0,	-21
8318853,	6222.576194047928,	-21.0,	-21.0,	-20.9,	-20
8326447,	6228.369407176971,	-21.0,	-21.0,	-21.0,	-21
8334114,	6234.310292005539,	-21.0,	-21.0,	-20.9,	-20
