23223,	72.02848792076111,	-21.0,	-21.0,	-21.0,	-21
48136,	82.11275124549866,	-21.0,	-21.0,	-20.866666666666667,	-19
71337,	90.53725242614746,	-21.0,	-21.0,	-20.966666666666665,	-20
96098,	101.11478900909424,	-21.0,	-21.0,	-20.966666666666665,	-20
143837,	177.74841904640198,	-21.0,	-21.0,	-20.233333333333334,	-1
167402,	186.36391973495483,	-21.0,	-21.0,	-20.966666666666665,	-20
190461,	195.37772297859192,	-21.0,	-21.0,	-21.0,	-21
213920,	203.95309233665466,	-20.5,	-20.0,	-21.0,	-21
237445,	212.63823342323303,	-21.0,	-21.0,	-20.966666666666665,	-20
260466,	221.31591272354126,	-20.5,	-20.0,	-21.0,	-21
283837,	229.88035798072815,	-21.0,	-21.0,	-20.9,	-20
307846,	239.9520936012268,	-21.0,	-21.0,	-20.866666666666667,	-20
330822,	248.36130213737488,	-21.0,	-21.0,	-20.966666666666665,	-20
355524,	258.36274576187134,	-21.0,	-21.0,	-20.966666666666665,	-20
379032,	267.52314043045044,	-21.0,	-21.0,	-20.933333333333334,	-20
402773,	277.3890149593353,	-21.0,	-21.0,	-21.0,	-21
427388,	288.2439019680023,	-21.0,	-21.0,	-20.9,	-20
454724,	304.4284074306488,	-21.0,	-21.0,	-20.233333333333334,	-1
478800,	313.55510902404785,	-20.5,	-20.0,	-20.733333333333334,	-19
502832,	323.1323621273041,	-21.0,	-21.0,	-20.833333333333332,	-19
530537,	336.9351580142975,	-21.0,	-21.0,	-20.9,	-20
554570,	345.69735193252563,	-21.0,	-21.0,	-20.8,	-19
578930,	354.52688002586365,	-21.0,	-21.0,	-20.766666666666666,	-20
603044,	363.1818907260895,	-21.0,	-21.0,	-20.8,	-20
627627,	373.6619894504547,	-21.0,	-21.0,	-20.766666666666666,	-19
652333,	382.916095495224,	-20.5,	-20.0,	-20.8,	-20
680237,	401.6720016002655,	-21.0,	-21.0,	-20.233333333333334,	-6
706170,	413.81913328170776,	-21.0,	-21.0,	-20.7,	-20
733747,	426.68420028686523,	-20.0,	-20.0,	-20.566666666666666,	-11
758672,	436.40940165519714,	-20.5,	-20.0,	-20.766666666666666,	-20
782725,	444.7963569164276,	-21.0,	-21.0,	-20.766666666666666,	-19
806494,	453.79222559928894,	-20.5,	-20.0,	-20.8,	-19
831032,	464.65591740608215,	-17.0,	-13.0,	-20.833333333333332,	-20
855566,	474.1006181240082,	-20.5,	-20.0,	-20.7,	-19
880389,	483.9628920555115,	-20.5,	-20.0,	-20.866666666666667,	-20
904865,	494.5720899105072,	-20.5,	-20.0,	-20.833333333333332,	-20
929496,	504.2442412376404,	-21.0,	-21.0,	-20.633333333333333,	-19
954395,	516.3400564193726,	-20.0,	-20.0,	-20.666666666666668,	-19
979942,	527.3019938468933,	-20.0,	-20.0,	-20.5,	-19
1005914,	539.045795917511,	-21.0,	-21.0,	-20.7,	-19
1032431,	551.5703904628754,	-21.0,	-21.0,	-20.733333333333334,	-20
1059064,	564.5249736309052,	-20.0,	-20.0,	-20.033333333333335,	-7
1088049,	578.6396126747131,	-20.0,	-20.0,	-20.533333333333335,	-12
1113340,	589.2608959674835,	-21.0,	-21.0,	-20.633333333333333,	-19
1140084,	601.4639317989349,	-20.5,	-20.0,	-20.6,	-20
1165534,	612.2945733070374,	-21.0,	-21.0,	-20.566666666666666,	-16
1194587,	626.8044381141663,	-19.5,	-18.0,	-19.7,	-1
1221328,	638.520256280899,	-20.5,	-20.0,	-20.733333333333334,	-20
1249418,	650.9216272830963,	-20.5,	-20.0,	-20.666666666666668,	-19
1274843,	660.7523515224457,	-20.5,	-20.0,	-20.5,	-19
1300010,	670.6661560535431,	-20.5,	-20.0,	-20.833333333333332,	-20
1326113,	682.2914140224457,	-20.0,	-20.0,	-20.733333333333334,	-19
1351538,	692.3317778110504,	-21.0,	-21.0,	-20.7,	-20
1377988,	706.5563082695007,	-20.0,	-20.0,	-20.0,	-1
1402743,	717.1324164867401,	-20.5,	-20.0,	-20.433333333333334,	-19
1428465,	727.4873170852661,	-21.0,	-21.0,	-20.433333333333334,	-17
1454533,	738.5314757823944,	-21.0,	-21.0,	-20.666666666666668,	-20
1481056,	750.5364861488342,	-21.0,	-21.0,	-20.566666666666666,	-19
1507444,	762.5288503170013,	-20.5,	-20.0,	-20.633333333333333,	-20
1532593,	773.2026998996735,	-20.0,	-20.0,	-20.666666666666668,	-19
1558221,	783.3813617229462,	-21.0,	-21.0,	-20.666666666666668,	-19
1582720,	792.6707909107208,	-20.0,	-20.0,	-20.766666666666666,	-19
1607576,	802.4573624134064,	-20.0,	-20.0,	-20.7,	-19
1633609,	814.1938717365265,	-20.5,	-20.0,	-20.633333333333333,	-19
1658574,	823.2969696521759,	-20.5,	-20.0,	-20.666666666666668,	-19
1685421,	837.7882182598114,	-21.0,	-21.0,	-20.7,	-20
1710432,	847.3224787712097,	-21.0,	-21.0,	-20.666666666666668,	-20
1737641,	862.0391166210175,	-20.0,	-20.0,	-20.566666666666666,	-20
1762466,	871.0761423110962,	-20.5,	-20.0,	-20.5,	-19
1786883,	880.0768992900848,	-20.5,	-20.0,	-20.666666666666668,	-20
1811699,	889.7039849758148,	-20.0,	-20.0,	-20.666666666666668,	-19
1837471,	900.5542325973511,	-20.5,	-20.0,	-19.666666666666668,	11
1864760,	913.3102123737335,	-21.0,	-21.0,	-19.5,	10
1888991,	923.2545289993286,	-20.0,	-20.0,	-20.666666666666668,	-19
1912966,	933.4152269363403,	-21.0,	-21.0,	-20.733333333333334,	-19
1936709,	941.9513900279999,	-21.0,	-21.0,	-20.9,	-20
1960216,	950.6100707054138,	-21.0,	-21.0,	-20.766666666666666,	-20
1983779,	959.0673689842224,	-20.5,	-20.0,	-20.8,	-20
2008542,	970.4704742431641,	-21.0,	-21.0,	-20.666666666666668,	-20
2033913,	980.4344654083252,	-21.0,	-21.0,	-20.8,	-19
2058116,	989.5234096050262,	-21.0,	-21.0,	-20.666666666666668,	-19
2087142,	1007.3490335941315,	-21.0,	-21.0,	-19.2,	21
2111059,	1016.0282018184662,	-20.5,	-20.0,	-20.666666666666668,	-20
2137910,	1029.0390832424164,	-20.5,	-20.0,	-18.633333333333333,	20
2164907,	1043.9452409744263,	-20.0,	-20.0,	-20.433333333333334,	-19
2190261,	1053.630714893341,	-20.5,	-20.0,	-20.433333333333334,	-20
2217267,	1066.9715795516968,	-21.0,	-21.0,	-19.8,	-1
2242849,	1077.947193622589,	-19.0,	-18.0,	-20.5,	-19
2269549,	1093.0755219459534,	-20.5,	-20.0,	-20.166666666666668,	-7
2294368,	1102.6656277179718,	-19.5,	-19.0,	-20.5,	-17
2319816,	1111.9799356460571,	-20.5,	-20.0,	-20.233333333333334,	-19
2346810,	1128.4479467868805,	-19.5,	-19.0,	-19.933333333333334,	-1
2372962,	1140.0009813308716,	-20.5,	-20.0,	-20.133333333333333,	-10
2399496,	1152.71004986763,	-20.0,	-20.0,	-19.733333333333334,	-1
2427354,	1166.7089643478394,	-20.0,	-20.0,	-20.366666666666667,	-14
2451864,	1175.8352556228638,	-20.0,	-20.0,	-20.6,	-19
2477348,	1187.5411489009857,	-19.5,	-18.0,	-20.2,	-8
2504297,	1199.2395420074463,	-18.5,	-16.0,	-19.7,	10
2529394,	1210.9056282043457,	-21.0,	-21.0,	-20.666666666666668,	-20
2556123,	1222.910630941391,	-20.0,	-20.0,	-20.4,	-19
2582130,	1232.1949076652527,	-20.5,	-20.0,	-20.0,	-16
2610760,	1245.9924402236938,	-20.5,	-20.0,	-19.7,	2
2637081,	1259.0310735702515,	-17.5,	-16.0,	-19.8,	-1
2661839,	1268.1178834438324,	-20.5,	-20.0,	-20.4,	-18
2686506,	1278.16313123703,	-20.0,	-19.0,	-20.6,	-19
2713992,	1292.34632563591,	-10.5,	-1.0,	-19.566666666666666,	-1
2741272,	1308.1768953800201,	-15.0,	-10.0,	-19.866666666666667,	-1
2770417,	1322.020382642746,	-20.0,	-20.0,	-19.633333333333333,	-7
2797810,	1334.4060809612274,	-21.0,	-21.0,	-19.666666666666668,	-1
2823514,	1344.622893333435,	-21.0,	-21.0,	-20.1,	-11
2851830,	1358.0954983234406,	-21.0,	-21.0,	-19.033333333333335,	-1
2876645,	1367.5317010879517,	-20.5,	-20.0,	-20.3,	-18
2901784,	1377.651605129242,	-19.0,	-19.0,	-20.233333333333334,	-15
2927603,	1388.8037731647491,	-21.0,	-21.0,	-20.066666666666666,	-13
2956268,	1403.0297372341156,	-21.0,	-21.0,	-18.766666666666666,	-2
2984081,	1418.5421237945557,	-19.5,	-19.0,	-19.666666666666668,	-1
3015822,	1436.624605178833,	-14.0,	-14.0,	-19.6,	-1
3041570,	1449.423493385315,	-20.0,	-20.0,	-19.833333333333332,	-1
3067999,	1458.9046442508698,	-20.5,	-20.0,	-19.733333333333334,	-11
3094237,	1470.0577211380005,	-20.5,	-20.0,	-20.166666666666668,	-11
3123309,	1485.8824210166931,	-21.0,	-21.0,	-19.5,	-1
3150272,	1498.341094493866,	-20.5,	-20.0,	-19.333333333333332,	-1
3178193,	1511.3878910541534,	-19.0,	-19.0,	-19.166666666666668,	-1
3202638,	1520.621083498001,	-20.0,	-19.0,	-20.433333333333334,	-18
3230369,	1536.61385846138,	-20.5,	-20.0,	-19.6,	-2
3260357,	1553.3102343082428,	-20.0,	-20.0,	-18.8,	1
3286052,	1563.0730473995209,	-20.0,	-20.0,	-20.266666666666666,	-18
3311806,	1572.7481310367584,	-20.0,	-20.0,	-20.133333333333333,	-16
3341374,	1589.3524849414825,	-20.0,	-20.0,	-19.033333333333335,	-1
3368162,	1603.1019253730774,	-20.0,	-20.0,	-20.466666666666665,	-18
3396352,	1620.059261083603,	-20.0,	-20.0,	-19.733333333333334,	-1
3421647,	1629.0557482242584,	-20.0,	-20.0,	-20.233333333333334,	-18
3449299,	1644.335100889206,	-20.5,	-20.0,	-19.433333333333334,	10
3475461,	1656.6054246425629,	-20.5,	-20.0,	-20.4,	-18
3503112,	1669.6570389270782,	-20.5,	-20.0,	-19.566666666666666,	-1
3531321,	1682.4482643604279,	-20.0,	-20.0,	-20.333333333333332,	-15
3556009,	1692.4493186473846,	-19.0,	-19.0,	-20.566666666666666,	-20
3581963,	1704.8667817115784,	-20.0,	-20.0,	-19.933333333333334,	-5
3610788,	1721.14501953125,	-20.0,	-20.0,	-19.866666666666667,	-2
3635752,	1730.4533152580261,	-20.5,	-20.0,	-20.366666666666667,	-19
3661787,	1742.4672410488129,	-21.0,	-21.0,	-20.466666666666665,	-19
3687116,	1752.4469487667084,	-20.0,	-20.0,	-20.2,	-18
3711234,	1761.4692311286926,	-21.0,	-21.0,	-20.733333333333334,	-18
3737816,	1772.4872303009033,	-20.5,	-20.0,	-20.433333333333334,	-18
3765648,	1784.1376130580902,	-21.0,	-21.0,	-20.1,	-8
3790866,	1794.0573289394379,	-20.5,	-20.0,	-20.466666666666665,	-19
3816955,	1805.06005525589,	-20.0,	-19.0,	-20.466666666666665,	-18
3844281,	1818.9062139987946,	-20.0,	-20.0,	-20.266666666666666,	-11
3869940,	1828.989671945572,	-19.5,	-19.0,	-20.2,	-14
3893970,	1838.2898483276367,	-19.5,	-19.0,	-20.666666666666668,	-20
3922578,	1853.6019706726074,	-21.0,	-21.0,	-18.533333333333335,	17
3949653,	1866.579381942749,	-20.0,	-20.0,	-20.133333333333333,	-10
3975709,	1877.8876569271088,	-20.0,	-20.0,	-19.933333333333334,	-12
4007008,	1894.6672403812408,	-20.0,	-19.0,	-18.566666666666666,	-1
4032503,	1906.1933896541595,	-20.5,	-20.0,	-20.133333333333333,	-9
4060214,	1918.923725605011,	-19.5,	-19.0,	-19.8,	-7
4086370,	1930.0413320064545,	-19.5,	-19.0,	-19.8,	-8
4112500,	1942.3452656269073,	-21.0,	-21.0,	-20.433333333333334,	-19
4138685,	1954.6378479003906,	-21.0,	-21.0,	-20.566666666666666,	-19
4165807,	1968.9309432506561,	-21.0,	-21.0,	-19.733333333333334,	1
4192054,	1981.6587052345276,	-10.5,	-1.0,	-20.2,	-15
4216354,	1998.4985749721527,	8.5,	20.0,	-20.5,	-19
4244886,	2012.3519854545593,	-21.0,	-21.0,	-19.3,	-1
4270928,	2023.1798341274261,	-20.0,	-20.0,	-19.966666666666665,	-6
4297177,	2033.81249833107,	-20.0,	-19.0,	-19.766666666666666,	-11
4323046,	2044.2227218151093,	-20.0,	-20.0,	-20.133333333333333,	-14
4352168,	2058.130373954773,	-20.0,	-19.0,	-19.4,	-1
4379174,	2071.9380197525024,	-10.5,	-1.0,	-19.633333333333333,	-1
4405362,	2081.693280696869,	-20.0,	-20.0,	-20.066666666666666,	-13
4436175,	2095.2323009967804,	-20.5,	-20.0,	-19.1,	-3
4465486,	2109.555547952652,	-21.0,	-21.0,	-19.366666666666667,	-1
4491954,	2121.748494386673,	-20.0,	-20.0,	-20.5,	-17
4519933,	2137.5040571689606,	-20.5,	-20.0,	-19.833333333333332,	-1
4544747,	2146.5883824825287,	-20.5,	-20.0,	-20.466666666666665,	-19
4568572,	2155.4714212417603,	-21.0,	-21.0,	-20.666666666666668,	-20
4597369,	2170.1060252189636,	-19.5,	-18.0,	-19.533333333333335,	-2
4624757,	2183.309099674225,	-20.5,	-20.0,	-19.9,	-1
4654545,	2197.537373304367,	-20.0,	-20.0,	-19.066666666666666,	1
4679721,	2208.386786699295,	-20.5,	-20.0,	-20.466666666666665,	-18
4709310,	2224.125198364258,	-19.0,	-18.0,	-19.666666666666668,	-2
4737593,	2239.80819773674,	-20.0,	-20.0,	-19.8,	-1
4764862,	2250.8831248283386,	-20.0,	-20.0,	-20.066666666666666,	-18
4794805,	2266.3272314071655,	-16.0,	-12.0,	-18.4,	21
4823596,	2279.8368096351624,	-21.0,	-21.0,	-19.233333333333334,	-1
4850901,	2297.614947080612,	11.0,	11.0,	-20.266666666666666,	-15
4882149,	2311.0350852012634,	-21.0,	-21.0,	-18.466666666666665,	-1
4912251,	2324.0320529937744,	-20.5,	-20.0,	-18.4,	-1
4941265,	2337.807537794113,	-16.0,	-13.0,	-19.066666666666666,	-1
4973756,	2353.168749809265,	-11.5,	-2.0,	-17.833333333333332,	-1
5007012,	2367.5854926109314,	-10.5,	-1.0,	-17.733333333333334,	-1
5042474,	2386.3059923648834,	-20.0,	-20.0,	-16.533333333333335,	-1
5069334,	2398.2417397499084,	-14.0,	-13.0,	-19.833333333333332,	-14
5100566,	2413.4157848358154,	-17.5,	-15.0,	-17.566666666666666,	14
5127251,	2425.02197766304,	-10.5,	-1.0,	-20.133333333333333,	-16
5154136,	2437.5528721809387,	-20.0,	-20.0,	-19.466666666666665,	-1
5184013,	2451.4009923934937,	-20.5,	-20.0,	-19.666666666666668,	-11
5209360,	2460.6088104248047,	-20.0,	-20.0,	-20.3,	-18
5237667,	2474.431737422943,	-20.0,	-20.0,	-19.566666666666666,	-10
5266146,	2488.486983060837,	-19.5,	-19.0,	-18.966666666666665,	-1
5298808,	2503.672899246216,	-18.0,	-16.0,	-18.233333333333334,	10
5327944,	2516.815281391144,	-19.5,	-19.0,	-19.233333333333334,	-1
5356111,	2530.30393075943,	-15.5,	-11.0,	-19.5,	-1
5393001,	2547.764909029007,	-19.0,	-19.0,	-17.633333333333333,	1
5424306,	2568.453683614731,	-1.0,	-1.0,	-18.966666666666665,	-1
5456418,	2585.5950100421906,	-10.5,	-1.0,	-18.2,	-1
5483128,	2596.619115114212,	-19.5,	-19.0,	-19.866666666666667,	-11
5516268,	2613.5972018241882,	-20.0,	-19.0,	-18.1,	-1
5548673,	2634.634027481079,	-21.0,	-21.0,	-18.766666666666666,	-1
5578452,	2648.7318618297577,	-20.0,	-20.0,	-18.6,	-1
5610045,	2663.4234099388123,	-20.5,	-20.0,	-18.8,	-1
5644547,	2678.796291589737,	-20.0,	-20.0,	-17.266666666666666,	-1
5676086,	2692.6644084453583,	-21.0,	-21.0,	-19.533333333333335,	-1
5704317,	2705.7444031238556,	-10.5,	-2.0,	-19.366666666666667,	-10
5738540,	2720.0763800144196,	-21.0,	-21.0,	-17.3,	-1
5771286,	2736.062654018402,	-11.0,	-1.0,	-17.966666666666665,	-1
5804843,	2752.0119211673737,	-20.5,	-20.0,	-18.2,	-1
5836374,	2766.2389838695526,	-19.5,	-19.0,	-18.0,	-1
5870962,	2782.543368577957,	-20.5,	-20.0,	-16.766666666666666,	-1
5899703,	2795.872020959854,	-20.0,	-19.0,	-19.1,	-1
5934534,	2811.909625530243,	-11.0,	-1.0,	-16.8,	-1
5971232,	2829.397746324539,	-14.0,	-14.0,	-17.366666666666667,	-1
6002646,	2844.2546050548553,	-18.5,	-16.0,	-18.1,	-1
6035421,	2860.289900779724,	-11.0,	-1.0,	-18.0,	-1
6070721,	2876.6574392318726,	-11.0,	-1.0,	-16.733333333333334,	-1
6100198,	2891.7465851306915,	-7.5,	-1.0,	-19.733333333333334,	-1
6129457,	2907.162291765213,	-7.5,	-1.0,	-19.566666666666666,	-1
6158573,	2920.5953736305237,	-20.0,	-20.0,	-19.5,	-2
6187495,	2932.968067407608,	-15.0,	-15.0,	-19.4,	-1
6218960,	2948.2789216041565,	-20.0,	-19.0,	-18.633333333333333,	-1
6249522,	2964.378947496414,	-19.5,	-18.0,	-18.366666666666667,	-1
6280978,	2978.885832309723,	-10.5,	-1.0,	-18.1,	-1
6315309,	2995.019882917404,	-17.0,	-17.0,	-16.966666666666665,	-1
6347626,	3008.4149146080017,	-21.0,	-21.0,	-18.466666666666665,	-1
6380310,	3021.617816209793,	-18.5,	-18.0,	-18.333333333333332,	-1
6415071,	3042.256542444229,	-21.0,	-21.0,	-18.233333333333334,	-1
6446706,	3056.278677225113,	-16.0,	-11.0,	-18.7,	-1
6474836,	3068.4881138801575,	-10.5,	-1.0,	-19.5,	-5
6509371,	3086.944543838501,	-20.0,	-20.0,	-18.333333333333332,	-1
6540187,	3100.986981868744,	-13.5,	-7.0,	-18.166666666666668,	-1
6571163,	3117.1615602970123,	-10.5,	-1.0,	-18.9,	-1
6604686,	3131.0536663532257,	-17.5,	-15.0,	-17.3,	-1
6638826,	3150.0284295082092,	-10.0,	-1.0,	-17.433333333333334,	-1
6672886,	3168.3750545978546,	-20.0,	-20.0,	-17.433333333333334,	-1
6713028,	3185.224136829376,	-19.0,	-18.0,	-15.5,	-1
6747879,	3201.7848737239838,	-6.0,	-6.0,	-16.866666666666667,	-1
6787197,	3221.0650339126587,	-11.0,	-1.0,	-15.266666666666667,	-1
6823089,	3239.9314262866974,	-20.5,	-20.0,	-16.766666666666666,	2
6859881,	3258.528269290924,	-12.0,	-3.0,	-15.733333333333333,	-1
6893419,	3273.1119482517242,	-19.0,	-17.0,	-17.666666666666668,	-1
6927331,	3287.603269338608,	-9.5,	-1.0,	-17.4,	-1
6964861,	3303.5494508743286,	-11.0,	-1.0,	-15.8,	-1
7000736,	3319.601953983307,	-11.5,	-2.0,	-16.933333333333334,	-1
7039987,	3335.9688305854797,	-15.0,	-15.0,	-15.266666666666667,	-1
7075734,	3351.611739873886,	-21.0,	-21.0,	-17.733333333333334,	-1
7112951,	3368.2690348625183,	-20.5,	-20.0,	-17.266666666666666,	1
7151432,	3387.0452122688293,	-21.0,	-21.0,	-16.133333333333333,	-1
7189193,	3406.604302406311,	-21.0,	-21.0,	-15.766666666666667,	-1
7229336,	3423.328901052475,	-10.0,	-1.0,	-14.9,	10
7275656,	3443.4587337970734,	-21.0,	-21.0,	-13.466666666666667,	-1
7313051,	3460.140731573105,	-21.0,	-21.0,	-16.3,	-1
7359865,	3481.006191968918,	-20.0,	-20.0,	-13.533333333333333,	-1
7398972,	3497.208512544632,	-11.0,	-1.0,	-15.433333333333334,	1
7446256,	3522.667626619339,	-11.0,	-1.0,	-14.433333333333334,	-1
7481179,	3538.7600700855255,	-21.0,	-21.0,	-16.7,	-1
7523340,	3560.537444591522,	-1.0,	-1.0,	-15.0,	-1
7556849,	3575.9470689296722,	-18.0,	-18.0,	-18.133333333333333,	-1
7592275,	3594.995405435562,	-12.0,	-3.0,	-16.533333333333335,	-1
7626779,	3610.8128225803375,	-20.5,	-20.0,	-17.866666666666667,	-1
7666423,	3628.671090364456,	-11.0,	-1.0,	-17.433333333333334,	-1
7706283,	3650.5086755752563,	-11.0,	-1.0,	-15.9,	20
7751944,	3672.5572617053986,	-8.0,	-1.0,	-14.566666666666666,	9
7791674,	3691.534528493881,	-20.0,	-19.0,	-18.166666666666668,	-1
7827469,	3707.486051082611,	-1.0,	-1.0,	-18.1,	-1
7864881,	3724.449380874634,	-18.5,	-16.0,	-17.266666666666666,	1
7906898,	3745.4981451034546,	-4.5,	-1.0,	-16.1,	-1
7950954,	3771.6600244045258,	-17.0,	-17.0,	-15.366666666666667,	-1
7993126,	3790.7384328842163,	-17.5,	-14.0,	-14.2,	19
8028512,	3808.883927345276,	-17.5,	-15.0,	-18.466666666666665,	-1
8065563,	3828.701035261154,	-5.5,	-1.0,	-17.633333333333333,	-1
8101840,	3845.0149235725403,	-20.5,	-20.0,	-16.8,	-1
8138468,	3862.1102800369263,	-18.5,	-16.0,	-18.266666666666666,	-1
8173879,	3876.655609846115,	-18.0,	-18.0,	-17.4,	-1
8213135,	3899.3503003120422,	-4.0,	-4.0,	-18.433333333333334,	-1
8243500,	3914.4421281814575,	-20.0,	-20.0,	-19.3,	-1
8275513,	3931.3624455928802,	-10.5,	-1.0,	-19.5,	-6
8311400,	3947.159774541855,	-15.0,	-13.0,	-17.333333333333332,	-1
8354914,	3967.847670316696,	-10.0,	-1.0,	-15.933333333333334,	-1
8386157,	3982.4492650032043,	-19.5,	-19.0,	-18.366666666666667,	-1
8427337,	4005.504460334778,	-21.0,	-21.0,	-15.366666666666667,	-1
8464450,	4026.0810041427612,	-11.0,	-1.0,	-17.1,	-1
8503382,	4047.082500934601,	-10.5,	-1.0,	-16.733333333333334,	-1
8544103,	4068.275561094284,	-21.0,	-21.0,	-16.466666666666665,	-1
8588501,	4089.123934030533,	-9.0,	-1.0,	-14.033333333333333,	1
8623514,	4116.277011632919,	-1.0,	-1.0,	-17.966666666666665,	-1
8664407,	4137.497970581055,	-1.0,	-1.0,	-15.166666666666666,	-1
8718364,	4169.2057983875275,	-11.0,	-1.0,	-13.466666666666667,	-1
8759546,	4187.376663446426,	-11.0,	-1.0,	-15.4,	-1
8791845,	4203.910085439682,	-21.0,	-21.0,	-18.133333333333333,	-1
8828390,	4224.762170791626,	-18.0,	-15.0,	-17.533333333333335,	-1
8867177,	4243.887972354889,	-11.0,	-1.0,	-16.6,	-1
8911191,	4265.373783111572,	-19.0,	-17.0,	-14.733333333333333,	-1
8951922,	4285.788267374039,	-21.0,	-21.0,	-15.0,	-1
8987280,	4304.291436433792,	-21.0,	-21.0,	-17.533333333333335,	-1
9020843,	4322.237531661987,	-20.0,	-20.0,	-18.433333333333334,	-1
9055081,	4338.716764450073,	-1.0,	-1.0,	-17.633333333333333,	-1
9094748,	4359.211013555527,	-11.0,	-1.0,	-15.566666666666666,	7
9133045,	4388.299949884415,	-1.0,	-1.0,	-16.0,	-1
9170154,	4405.47702050209,	-20.0,	-19.0,	-17.033333333333335,	-1
9207956,	4427.07373547554,	-21.0,	-21.0,	-17.933333333333334,	-1
9249993,	4450.22173500061,	-20.0,	-19.0,	-16.433333333333334,	-1
9290019,	4469.949977874756,	-21.0,	-21.0,	-16.033333333333335,	-1
9328207,	4488.802484512329,	-3.0,	-3.0,	-17.2,	-1
9366167,	4507.111220359802,	-21.0,	-21.0,	-17.7,	-1
9408969,	4529.723074674606,	-11.0,	-1.0,	-15.266666666666667,	-1
9449762,	4549.839021682739,	-20.5,	-20.0,	-15.3,	-1
9487652,	4568.320967674255,	-21.0,	-21.0,	-17.1,	-1
9531569,	4589.701429367065,	-10.5,	-1.0,	-14.566666666666666,	-1
9566546,	4606.913611650467,	-11.0,	-1.0,	-17.966666666666665,	-1
9608833,	4626.373375415802,	-16.0,	-11.0,	-15.633333333333333,	-1
9646591,	4643.244042873383,	-16.0,	-14.0,	-18.333333333333332,	-1
9688007,	4671.751385211945,	-1.0,	-1.0,	-15.333333333333334,	-1
9724132,	4687.815128803253,	-16.0,	-16.0,	-17.366666666666667,	-1
9764029,	4706.948187112808,	-21.0,	-21.0,	-15.233333333333333,	-1
9798798,	4727.662578821182,	-1.0,	-1.0,	-17.733333333333334,	-1
9839623,	4747.016753911972,	-18.0,	-15.0,	-16.433333333333334,	-1
9875942,	4763.247386217117,	-11.0,	-11.0,	-18.3,	-1
9914681,	4781.520248889923,	-21.0,	-21.0,	-18.033333333333335,	-1
9950853,	4798.626968622208,	-19.5,	-18.0,	-18.133333333333333,	-1
9985478,	4814.552942991257,	-10.5,	-1.0,	-18.7,	-1
10023750,	4832.559186220169,	-20.5,	-20.0,	-17.6,	-1
10055221,	4846.735677480698,	-21.0,	-21.0,	-19.666666666666668,	-1
10088546,	4863.67724943161,	-16.0,	-11.0,	-18.9,	-1
10126434,	4882.245656967163,	-20.0,	-20.0,	-17.633333333333333,	-1
10165068,	4899.2736349105835,	-8.5,	-1.0,	-16.933333333333334,	-1
10197899,	4915.961213111877,	-20.0,	-20.0,	-18.666666666666668,	-1
10239565,	4934.30414390564,	-21.0,	-21.0,	-15.533333333333333,	11
10281124,	4954.657685279846,	-17.0,	-16.0,	-14.666666666666666,	18
10319451,	4971.782572507858,	-19.5,	-18.0,	-15.9,	11
10358063,	4990.802838563919,	-11.0,	-1.0,	-16.6,	-1
10394173,	5010.111315250397,	-1.0,	-1.0,	-18.066666666666666,	-1
10431694,	5029.324600934982,	-20.0,	-20.0,	-15.2,	19
10470217,	5046.599713802338,	-21.0,	-21.0,	-16.0,	11
10506722,	5062.959716796875,	-20.0,	-19.0,	-18.1,	1
10549196,	5079.897772073746,	-10.5,	-1.0,	-14.433333333333334,	11
10592402,	5099.262941122055,	-20.0,	-19.0,	-13.833333333333334,	11
10634796,	5121.418686628342,	-20.0,	-19.0,	-13.833333333333334,	11
10672143,	5138.350678443909,	-21.0,	-21.0,	-17.666666666666668,	11
10712319,	5163.697083473206,	-21.0,	-21.0,	-16.166666666666668,	11
10748664,	5182.225865364075,	-20.5,	-20.0,	-16.433333333333334,	11
10786128,	5198.134425401688,	-21.0,	-21.0,	-17.4,	-2
10820594,	5213.866956710815,	-5.0,	11.0,	-18.733333333333334,	-1
10870187,	5234.839453697205,	-20.5,	-20.0,	-11.6,	11
10906957,	5253.825747251511,	-20.0,	-19.0,	-16.433333333333334,	11
10946625,	5271.583642244339,	-5.0,	11.0,	-16.066666666666666,	11
10986856,	5291.581139564514,	-21.0,	-21.0,	-15.6,	11
11026707,	5312.172941684723,	11.0,	11.0,	-13.066666666666666,	11
11070265,	5331.813069105148,	-5.0,	11.0,	-12.466666666666667,	11
11105632,	5349.449401855469,	-5.0,	11.0,	-18.066666666666666,	11
11137614,	5368.492159605026,	-5.0,	11.0,	-19.266666666666666,	-3
11178207,	5386.134268045425,	-21.0,	-21.0,	-14.6,	11
11215609,	5403.7492146492,	-21.0,	-21.0,	-16.466666666666665,	11
11258056,	5423.958660125732,	-4.5,	11.0,	-14.933333333333334,	11
11292532,	5443.896480321884,	-5.0,	11.0,	-19.0,	-1
11329647,	5462.741173028946,	-18.0,	-15.0,	-15.9,	11
11367767,	5481.013394832611,	-20.5,	-20.0,	-16.1,	10
11406461,	5499.4753494262695,	-20.5,	-20.0,	-14.966666666666667,	11
11447456,	5518.134974479675,	-4.5,	11.0,	-12.9,	11
11487058,	5537.641175985336,	-21.0,	-21.0,	-13.033333333333333,	11
11526382,	5556.518008708954,	10.5,	11.0,	-12.833333333333334,	11
11563421,	5572.877668619156,	-21.0,	-21.0,	-15.633333333333333,	11
11602490,	5588.659243345261,	-5.0,	11.0,	-14.333333333333334,	11
11637109,	5604.960257053375,	-4.5,	11.0,	-17.6,	11
11673626,	5623.60507273674,	-21.0,	-21.0,	-15.566666666666666,	11
11708737,	5638.912531614304,	-20.5,	-20.0,	-15.8,	11
11745367,	5657.876953840256,	-21.0,	-21.0,	-16.3,	11
11788001,	5678.752151012421,	-21.0,	-21.0,	-11.733333333333333,	11
11829386,	5699.978221416473,	-11.5,	-2.0,	-10.933333333333334,	11
11865379,	5719.476609706879,	-5.0,	11.0,	-14.033333333333333,	11
11908358,	5739.13832783699,	-20.0,	-20.0,	-12.233333333333333,	11
11942798,	5757.716940164566,	-21.0,	-21.0,	-17.3,	11
11977503,	5776.362030267715,	11.0,	11.0,	-16.766666666666666,	11
12018581,	5798.043563604355,	-5.5,	10.0,	-12.866666666666667,	11
12060811,	5817.129252910614,	-4.5,	11.0,	-12.633333333333333,	11
12099771,	5834.644464731216,	-18.5,	-16.0,	-14.433333333333334,	11
12137236,	5851.2779285907745,	-20.0,	-20.0,	-16.766666666666666,	11
12176803,	5868.347925662994,	-5.0,	11.0,	-14.466666666666667,	11
12216468,	5889.1226189136505,	-7.0,	-7.0,	-12.866666666666667,	11
12254691,	5909.089318752289,	-3.0,	11.0,	-12.966666666666667,	11
12294790,	5928.056190490723,	-6.5,	8.0,	-12.233333333333333,	11
12334650,	5946.875714302063,	-20.5,	-20.0,	-12.733333333333333,	11
12371897,	5965.459588527679,	8.5,	11.0,	-14.266666666666667,	11
12411568,	5985.302015542984,	-14.5,	-8.0,	-11.4,	11
12449925,	6005.85206246376,	-21.0,	-21.0,	-14.1,	11
12488912,	6027.00199842453,	-21.0,	-21.0,	-13.933333333333334,	11
12523994,	6043.81915807724,	-21.0,	-21.0,	-16.233333333333334,	11
12559866,	6060.457085609436,	-21.0,	-21.0,	-15.7,	11
12596393,	6081.42809677124,	-20.5,	-20.0,	-15.266666666666667,	11
12635039,	6101.792239189148,	-5.0,	11.0,	-15.266666666666667,	11
12669948,	6120.327381849289,	-21.0,	-21.0,	-17.033333333333335,	11
12707601,	6139.1894364356995,	-14.5,	-8.0,	-14.5,	11
12748338,	6155.915714740753,	-12.0,	-3.0,	-12.4,	11
12776906,	6169.420555830002,	-17.0,	-14.0,	-19.766666666666666,	-10
12815465,	6186.114939451218,	-20.5,	-20.0,	-15.133333333333333,	11
12849695,	6201.676628112793,	-17.0,	-17.0,	-16.566666666666666,	11
12880527,	6218.071424007416,	-4.0,	11.0,	-17.833333333333332,	11
12911933,	6240.849007368088,	3.5,	11.0,	-18.766666666666666,	-1
12949142,	6256.802294015884,	-18.0,	-17.0,	-14.4,	11
12987711,	6280.019182682037,	2.5,	6.0,	-13.8,	11
13017568,	6296.92986536026,	-21.0,	-21.0,	-17.566666666666666,	11
13056090,	6313.229486942291,	-12.0,	-9.0,	-14.566666666666666,	11
13091131,	6329.730028867722,	-21.0,	-21.0,	-16.666666666666668,	10
13124602,	6346.992916584015,	-20.0,	-20.0,	-16.933333333333334,	11
13158501,	6362.670839309692,	-20.5,	-20.0,	-16.8,	11
13199397,	6385.9697914123535,	4.5,	10.0,	-12.8,	11
13237540,	6411.284938812256,	-2.0,	-2.0,	-15.333333333333334,	11
13271103,	6426.735243320465,	-4.5,	11.0,	-15.6,	11
13310016,	6445.927491903305,	-4.5,	11.0,	-16.533333333333335,	11
13341343,	6462.393372774124,	-4.5,	11.0,	-17.2,	11
13375553,	6477.928960323334,	-15.0,	-10.0,	-15.566666666666666,	11
13412774,	6503.30516242981,	-1.0,	-1.0,	-16.066666666666666,	11
13445950,	6519.001815795898,	-21.0,	-21.0,	-17.166666666666668,	11
13482467,	6540.464414834976,	-17.0,	-13.0,	-16.233333333333334,	11
13518098,	6559.144665002823,	-10.5,	-1.0,	-16.3,	11
13554506,	6577.681177139282,	-8.0,	-8.0,	-16.733333333333334,	11
13595775,	6605.452857732773,	-1.0,	-1.0,	-13.766666666666667,	14
13637006,	6626.588494777679,	-7.0,	-7.0,	-13.866666666666667,	11
13672154,	6644.156001567841,	-17.5,	-15.0,	-17.3,	5
13705829,	6662.50234246254,	11.0,	11.0,	-18.0,	1
13736507,	6676.886910200119,	-5.0,	11.0,	-19.5,	-12
13768580,	6692.081696510315,	-6.0,	9.0,	-18.033333333333335,	8
13806567,	6709.157450914383,	-18.5,	-16.0,	-16.1,	5
13842041,	6729.401875257492,	-5.0,	11.0,	-16.2,	8
13876869,	6746.095984220505,	-11.0,	-11.0,	-16.3,	11
13914338,	6767.05065536499,	-14.0,	-14.0,	-16.666666666666668,	1
13945604,	6781.712811946869,	-11.0,	-1.0,	-18.033333333333335,	11
13982613,	6800.871999979019,	-21.0,	-21.0,	-16.566666666666666,	11
14020237,	6817.60059094429,	-10.0,	1.0,	-16.133333333333333,	11
14065727,	6838.75350689888,	-8.5,	1.0,	-9.4,	11
14102474,	6855.40873837471,	-5.0,	11.0,	-15.533333333333333,	11
14140416,	6873.784996509552,	1.0,	11.0,	-16.8,	8
14180863,	6891.376684188843,	-21.0,	-21.0,	-16.0,	-1
14218829,	6909.08532333374,	-17.0,	-13.0,	-15.966666666666667,	11
14259908,	6927.044887304306,	-21.0,	-21.0,	-13.966666666666667,	11
14299118,	6945.038723707199,	-21.0,	-21.0,	-14.233333333333333,	11
14336783,	6964.568257808685,	-21.0,	-21.0,	-14.966666666666667,	11
14375758,	6980.42547917366,	-19.0,	-17.0,	-14.166666666666666,	11
14415793,	6999.961892604828,	-11.0,	-1.0,	-14.666666666666666,	14
14448788,	7014.738772392273,	-19.5,	-18.0,	-17.733333333333334,	20
14485857,	7031.174640655518,	-20.5,	-20.0,	-16.733333333333334,	11
14532876,	7051.499129533768,	-5.0,	11.0,	-12.0,	20
14571956,	7071.239923477173,	10.0,	10.0,	-14.366666666666667,	11
14610790,	7092.313447237015,	-21.0,	-21.0,	-16.166666666666668,	11
14649323,	7114.651787281036,	-1.0,	-1.0,	-14.266666666666667,	11
14687793,	7134.189022064209,	-7.5,	-7.0,	-15.1,	11
14729290,	7154.279307842255,	-2.5,	11.0,	-12.266666666666667,	11
14773490,	7174.086550235748,	-19.0,	-18.0,	-12.366666666666667,	11
14812401,	7192.129985809326,	-14.0,	-14.0,	-13.8,	11
14852439,	7211.625489473343,	-4.5,	11.0,	-14.9,	11
14891142,	7230.390596866608,	-5.0,	11.0,	-14.9,	11
14936282,	7250.75780582428,	-17.5,	-14.0,	-12.433333333333334,	11
14974612,	7267.904995918274,	-21.0,	-21.0,	-17.733333333333334,	11
15012239,	7286.013244867325,	11.0,	11.0,	-17.5,	1
15049223,	7303.264984846115,	-21.0,	-21.0,	-17.6,	11
15084684,	7319.691719055176,	-5.0,	11.0,	-16.2,	11
15122233,	7336.461052417755,	-20.0,	-19.0,	-15.733333333333333,	11
15165915,	7355.906150341034,	-21.0,	-21.0,	-12.9,	11
15228215,	7442.719237089157,	-5.0,	11.0,	-15.966666666666667,	11
15272702,	7463.373658180237,	-20.5,	-20.0,	-10.4,	11
15311065,	7480.552887201309,	-19.0,	-19.0,	-13.033333333333333,	11
15347415,	7496.754281044006,	-5.0,	11.0,	-18.033333333333335,	11
15388250,	7516.601498365402,	-5.0,	11.0,	-14.766666666666667,	11
15417629,	7533.576732158661,	11.0,	11.0,	-20.166666666666668,	-2
15450218,	7549.269954442978,	-4.5,	11.0,	-17.633333333333333,	11
15485065,	7566.233860731125,	-5.0,	11.0,	-18.866666666666667,	11
15522022,	7586.209905385971,	11.0,	11.0,	-16.033333333333335,	11
15556535,	7602.62895488739,	-21.0,	-21.0,	-18.433333333333334,	11
15592277,	7620.189668178558,	-5.0,	11.0,	-16.566666666666666,	11
15635128,	7642.039506196976,	-20.5,	-20.0,	-15.5,	11
15673778,	7663.121076822281,	-6.5,	8.0,	-15.8,	11
15711388,	7682.96409368515,	-5.0,	11.0,	-14.533333333333333,	11
15748480,	7702.392079114914,	-5.0,	11.0,	-16.066666666666666,	11
15784059,	7721.2726354599,	-12.0,	-4.0,	-18.266666666666666,	8
15823912,	7740.534486055374,	-18.5,	-16.0,	-15.666666666666666,	11
15865559,	7760.257760763168,	-8.0,	-8.0,	-14.3,	11
15898825,	7778.48667216301,	-5.0,	11.0,	-15.1,	11
15932615,	7793.074730396271,	-21.0,	-21.0,	-16.966666666666665,	11
15968455,	7809.571641206741,	-5.0,	11.0,	-15.733333333333333,	11
16004474,	7827.729954481125,	-21.0,	-21.0,	-15.166666666666666,	11
16044917,	7847.141219139099,	-4.5,	11.0,	-11.333333333333334,	11
16081348,	7863.698500156403,	-20.5,	-20.0,	-14.6,	11
16117037,	7882.297414779663,	-21.0,	-21.0,	-15.8,	11
16151707,	7901.972389221191,	-21.0,	-21.0,	-16.466666666666665,	11
16189921,	7920.949282169342,	0.0,	11.0,	-14.0,	11
16231259,	7940.705513477325,	-21.0,	-21.0,	-13.233333333333333,	14
16264214,	7957.370133638382,	-20.5,	-20.0,	-17.066666666666666,	11
16300340,	7974.55894112587,	-20.0,	-19.0,	-15.3,	11
16334564,	7990.19447183609,	-5.0,	11.0,	-14.9,	11
16372055,	8009.2875435352325,	-5.0,	11.0,	-13.9,	11
16406677,	8026.690877437592,	-5.0,	11.0,	-15.1,	11
16435541,	8041.905563831329,	-5.0,	11.0,	-18.933333333333334,	11
16477882,	8060.999488830566,	-18.0,	-15.0,	-10.9,	11
16514437,	8077.8339211940765,	-5.0,	11.0,	-15.633333333333333,	11
16550575,	8094.435595273972,	-5.0,	11.0,	-15.433333333333334,	11
16587767,	8110.355242967606,	-21.0,	-21.0,	-15.266666666666667,	11
16623682,	8127.220096588135,	-15.0,	-15.0,	-16.266666666666666,	11
16663406,	8145.7096292972565,	-21.0,	-21.0,	-12.2,	11
16697413,	8161.275998830795,	-5.0,	11.0,	-15.9,	11
16734100,	8179.018017530441,	-21.0,	-21.0,	-15.9,	11
16772604,	8197.699886083603,	11.0,	11.0,	-15.933333333333334,	11
16809930,	8216.281191587448,	-4.0,	11.0,	-17.133333333333333,	11
16850433,	8234.534242868423,	-4.5,	11.0,	-13.866666666666667,	11
16894001,	8252.22320652008,	-18.5,	-17.0,	-14.933333333333334,	11
16934293,	8271.99424982071,	-20.0,	-20.0,	-15.266666666666667,	11
16967824,	8286.989778518677,	-5.0,	11.0,	-16.833333333333332,	11
17004939,	8304.06982421875,	-18.0,	-18.0,	-15.866666666666667,	11
17037892,	8318.96938085556,	-3.5,	11.0,	-17.266666666666666,	11
17074531,	8335.40757727623,	-20.0,	-20.0,	-15.7,	11
17107454,	8349.443153858185,	-5.0,	11.0,	-18.3,	11
17140832,	8368.107239246368,	-19.0,	-18.0,	-19.066666666666666,	-4
17176956,	8386.094609260559,	-20.0,	-19.0,	-17.266666666666666,	11
17211885,	8401.08349943161,	-20.5,	-20.0,	-17.866666666666667,	8
17244081,	8414.349017858505,	-15.0,	-15.0,	-20.133333333333333,	-14
17278218,	8430.336766004562,	-19.5,	-18.0,	-18.4,	11
17317772,	8453.141875267029,	-4.0,	11.0,	-16.9,	11
17352914,	8468.733224153519,	-17.5,	-15.0,	-17.7,	11
17388393,	8484.835989236832,	-20.5,	-20.0,	-17.233333333333334,	11
17428919,	8504.707525014877,	-20.0,	-20.0,	-16.033333333333335,	11
17462242,	8520.372777462006,	-16.5,	-12.0,	-19.3,	7
17495909,	8536.457388401031,	-9.5,	2.0,	-18.333333333333332,	11
17527696,	8551.596304178238,	-3.5,	11.0,	-17.066666666666666,	11
17559367,	8567.49478006363,	-21.0,	-21.0,	-19.633333333333333,	-1
17590256,	8581.568411827087,	-21.0,	-21.0,	-19.7,	-7
17620944,	8597.28976726532,	-21.0,	-21.0,	-18.6,	11
17654535,	8613.748816013336,	-20.0,	-19.0,	-16.9,	18
17682164,	8626.377216339111,	-19.5,	-18.0,	-19.266666666666666,	11
17709526,	8638.237738847733,	-18.0,	-15.0,	-20.2,	-15
17744261,	8655.040296554565,	-15.0,	-15.0,	-16.766666666666666,	11
17775061,	8671.74729347229,	-20.0,	-19.0,	-19.033333333333335,	11
17807025,	8687.59190940857,	-21.0,	-21.0,	-18.733333333333334,	-1
17836033,	8699.773470878601,	-21.0,	-21.0,	-20.2,	-14
17868400,	8715.900097370148,	-21.0,	-21.0,	-18.366666666666667,	-1
17897290,	8731.097637176514,	-21.0,	-21.0,	-19.866666666666667,	-1
17925947,	8743.12933254242,	-21.0,	-21.0,	-20.3,	-13
17961092,	8763.856464385986,	-21.0,	-21.0,	-17.766666666666666,	-1
17992567,	8778.812032699585,	-20.5,	-20.0,	-18.833333333333332,	-1
18024543,	8796.387607097626,	-11.0,	-1.0,	-19.3,	-1
18054048,	8812.554165840149,	-15.5,	-10.0,	-18.9,	11
18085322,	8828.033568143845,	-21.0,	-21.0,	-18.633333333333333,	-1
18118695,	8843.296912670135,	-21.0,	-21.0,	-17.9,	1
18146641,	8854.881725788116,	-21.0,	-21.0,	-20.2,	-17
18173647,	8870.801924943924,	-20.0,	-20.0,	-20.033333333333335,	-1
18198201,	8884.712324380875,	-5.0,	11.0,	-20.633333333333333,	-18
18228073,	8900.799702882767,	-21.0,	-21.0,	-18.7,	11
18257061,	8915.593992233276,	-21.0,	-21.0,	-19.466666666666665,	-1
18286661,	8930.693428516388,	-20.0,	-20.0,	-19.8,	-7
18318912,	8947.341344118118,	-21.0,	-21.0,	-18.933333333333334,	-7
18350216,	8962.24399971962,	-13.5,	-8.0,	-18.733333333333334,	-5
18385335,	8979.54125905037,	-20.5,	-20.0,	-17.933333333333334,	14
18419024,	8994.73072218895,	-18.0,	-18.0,	-18.133333333333333,	11
18450708,	9011.311803817749,	-19.0,	-17.0,	-17.333333333333332,	11
18487508,	9031.181904315948,	-18.5,	-16.0,	-15.733333333333333,	11
18522920,	9048.848928689957,	-21.0,	-21.0,	-16.066666666666666,	11
18558423,	9066.088443756104,	-21.0,	-21.0,	-16.1,	11
18592652,	9084.627826690674,	-20.0,	-19.0,	-17.033333333333335,	13
18630191,	9104.18383717537,	-19.5,	-18.0,	-14.266666666666667,	11
18667351,	9123.028751373291,	-21.0,	-21.0,	-15.9,	11
18708992,	9140.938537359238,	-4.0,	11.0,	-13.8,	11
18746588,	9160.448180675507,	-12.5,	-4.0,	-15.966666666666667,	11
18781345,	9179.438378095627,	-19.5,	-18.0,	-17.266666666666666,	11
18822110,	9199.861527204514,	-19.0,	-19.0,	-15.6,	11
18861465,	9218.100896835327,	-1.5,	11.0,	-14.533333333333333,	14
18895510,	9234.145320177078,	-4.0,	11.0,	-17.033333333333335,	14
18927267,	9252.398325681686,	11.0,	11.0,	-17.1,	11
18964725,	9269.95198750496,	-5.0,	11.0,	-14.533333333333333,	14
18996683,	9286.494701385498,	-21.0,	-21.0,	-17.966666666666665,	11
19029463,	9302.643228769302,	-3.5,	14.0,	-19.933333333333334,	-13
19062844,	9318.24350476265,	-20.0,	-20.0,	-17.2,	11
19100777,	9335.707522153854,	-3.5,	14.0,	-14.833333333333334,	14
19136223,	9356.582415342331,	-21.0,	-21.0,	-16.5,	11
19169203,	9372.75921678543,	-20.0,	-20.0,	-16.633333333333333,	11
19201477,	9388.559372663498,	-21.0,	-21.0,	-18.4,	11
19232545,	9404.471326351166,	-21.0,	-21.0,	-18.466666666666665,	8
19268052,	9424.678302526474,	-20.5,	-20.0,	-16.733333333333334,	11
19298745,	9441.070630788803,	-17.0,	-13.0,	-19.033333333333335,	-3
19327573,	9456.219721794128,	-20.5,	-20.0,	-19.233333333333334,	11
19357503,	9470.914071559906,	-7.0,	3.0,	-19.233333333333334,	11
19393696,	9491.206696510315,	-9.0,	-9.0,	-15.933333333333334,	11
19427620,	9507.205436944962,	-20.0,	-19.0,	-16.133333333333333,	11
19462511,	9521.791961669922,	-21.0,	-21.0,	-15.833333333333334,	11
19499778,	9541.077712774277,	-5.0,	11.0,	-14.0,	11
19535796,	9561.421706199646,	-21.0,	-21.0,	-13.7,	11
19561168,	9574.636582374573,	-5.0,	11.0,	-20.766666666666666,	-20
19594496,	9589.84156036377,	-20.0,	-19.0,	-15.266666666666667,	11
19624726,	9604.31938624382,	-20.0,	-19.0,	-16.733333333333334,	11
19658100,	9620.842289209366,	-21.0,	-21.0,	-15.433333333333334,	11
19695812,	9637.313647508621,	-4.5,	11.0,	-14.033333333333333,	14
19736940,	9656.730098962784,	-5.0,	11.0,	-11.666666666666666,	11
19776189,	9675.942657470703,	-19.5,	-19.0,	-11.566666666666666,	11
19814919,	9695.512723207474,	-21.0,	-21.0,	-11.833333333333334,	11
19857244,	9715.838352441788,	6.0,	11.0,	-9.933333333333334,	11
19892902,	9732.524357795715,	-20.0,	-20.0,	-15.7,	11
19930422,	9751.996093273163,	-20.5,	-20.0,	-14.133333333333333,	14
19967429,	9768.852421283722,	-20.5,	-20.0,	-14.7,	11
20001465,	9788.302667856216,	-5.0,	11.0,	-17.866666666666667,	1
20042509,	9808.466550827026,	-21.0,	-21.0,	-11.633333333333333,	11
20079431,	9824.812598705292,	-21.0,	-21.0,	-13.366666666666667,	11
20118606,	9845.600995063782,	-5.0,	11.0,	-13.166666666666666,	11
20155907,	9862.958895921707,	-4.0,	11.0,	-14.233333333333333,	14
20190886,	9881.241425991058,	-5.0,	11.0,	-16.5,	11
20233265,	9900.740092277527,	-20.5,	-20.0,	-11.266666666666667,	11
20263280,	9915.925716876984,	-20.0,	-19.0,	-18.133333333333333,	11
20295104,	9930.119105815887,	-20.0,	-19.0,	-17.966666666666665,	11
20330636,	9947.074654102325,	-20.0,	-20.0,	-15.833333333333334,	11
20365885,	9961.380003213882,	-19.5,	-19.0,	-14.8,	11
20401189,	9979.955441951752,	12.5,	14.0,	-13.9,	11
20438660,	9999.704938650131,	-20.0,	-20.0,	-12.966666666666667,	11
20476305,	10017.521301269531,	-4.5,	11.0,	-13.433333333333334,	11
20516983,	10037.34145283699,	-4.5,	11.0,	-10.633333333333333,	14
20553253,	10056.08276438713,	-20.5,	-20.0,	-13.866666666666667,	11
20586175,	10073.982590198517,	-20.5,	-20.0,	-15.433333333333334,	11
20620072,	10093.346358299255,	-21.0,	-21.0,	-15.233333333333333,	11
20647146,	10106.752088308334,	-5.0,	11.0,	-20.4,	-17
20682213,	10125.40855717659,	-5.5,	8.0,	-13.566666666666666,	11
20715485,	10140.207519054413,	-21.0,	-21.0,	-17.5,	11
20748563,	10158.517438173294,	-4.5,	11.0,	-17.7,	11
20781545,	10177.096098661423,	-4.5,	12.0,	-16.266666666666666,	11
20819489,	10197.338072061539,	-4.0,	10.0,	-13.5,	11
20850281,	10211.527973175049,	-21.0,	-21.0,	-17.866666666666667,	11
20886343,	10228.387423753738,	-5.0,	11.0,	-14.533333333333333,	11
20917086,	10243.192981243134,	-21.0,	-21.0,	-18.1,	14
20947620,	10256.939786434174,	-4.5,	11.0,	-18.5,	11
20980359,	10275.857334136963,	-4.0,	11.0,	-17.466666666666665,	11
21010335,	10290.375924348831,	-20.0,	-19.0,	-18.533333333333335,	11
21045217,	10311.31735920906,	-4.0,	11.0,	-17.066666666666666,	11
21077367,	10327.5502243042,	-20.0,	-19.0,	-16.866666666666667,	11
21107019,	10342.444113731384,	-21.0,	-21.0,	-18.266666666666666,	11
21138890,	10363.451871871948,	-17.0,	-13.0,	-18.4,	11
21169713,	10378.524567365646,	-20.0,	-19.0,	-18.233333333333334,	11
21202962,	10394.693300008774,	-21.0,	-21.0,	-18.066666666666666,	5
21230485,	10407.47322010994,	-20.0,	-20.0,	-20.133333333333333,	-9
21261529,	10424.889372348785,	-20.5,	-20.0,	-18.3,	11
21293088,	10439.553274154663,	-20.5,	-20.0,	-19.466666666666665,	-14
21327998,	10456.275975942612,	-18.0,	-15.0,	-16.233333333333334,	14
21366279,	10474.516620874405,	-15.0,	-13.0,	-16.233333333333334,	11
21399468,	10491.528492450714,	-4.5,	9.0,	-18.9,	-10
21436498,	10508.679663419724,	-19.5,	-18.0,	-17.366666666666667,	7
21469151,	10527.280458211899,	-1.0,	-1.0,	-18.9,	11
21506517,	10544.861991167068,	-21.0,	-21.0,	-16.1,	11
21538676,	10562.73764204979,	-11.0,	-1.0,	-18.5,	11
21574847,	10581.815346717834,	-17.0,	-13.0,	-17.166666666666668,	11
21611736,	10600.575055360794,	-5.0,	11.0,	-15.533333333333333,	11
21645298,	10616.749836683273,	-21.0,	-21.0,	-18.166666666666668,	-1
21679429,	10633.744587421417,	-21.0,	-21.0,	-18.133333333333333,	1
21708021,	10648.355216264725,	-21.0,	-21.0,	-19.133333333333333,	11
21739513,	10665.920260429382,	-21.0,	-21.0,	-17.5,	11
21774414,	10685.305144071579,	-1.0,	-1.0,	-15.233333333333333,	17
21811149,	10708.71606707573,	5.5,	9.0,	-15.133333333333333,	11
21845869,	10727.295743703842,	-16.0,	-16.0,	-16.4,	11
21886611,	10746.79075717926,	10.0,	10.0,	-13.966666666666667,	11
21919642,	10761.652969121933,	-21.0,	-21.0,	-18.7,	-1
21955989,	10780.362465381622,	-19.0,	-17.0,	-15.833333333333334,	11
21990840,	10795.459608078003,	-20.5,	-20.0,	-17.366666666666667,	11
22029792,	10817.37821650505,	-20.0,	-20.0,	-15.2,	11
22067065,	10835.924950838089,	11.0,	11.0,	-17.533333333333335,	11
22109055,	10854.098709344864,	-21.0,	-21.0,	-12.666666666666666,	11
22149996,	10873.023114919662,	-5.0,	11.0,	-13.6,	14
22183327,	10887.86835193634,	-21.0,	-21.0,	-18.5,	11
22220378,	10907.68572807312,	-20.5,	-20.0,	-15.733333333333333,	10
22260168,	10925.13681101799,	-21.0,	-21.0,	-14.566666666666666,	11
22298398,	10944.103261470795,	-5.0,	11.0,	-13.6,	11
22344685,	10965.264894247055,	-18.0,	-15.0,	-11.633333333333333,	11
22395235,	10991.015058994293,	-21.0,	-21.0,	-9.433333333333334,	11
22441878,	11011.857048511505,	-7.5,	6.0,	-10.533333333333333,	11
22481770,	11031.63882136345,	-21.0,	-21.0,	-13.733333333333333,	11
22516738,	11048.103841543198,	-5.0,	11.0,	-15.9,	11
22555128,	11065.57096028328,	-21.0,	-21.0,	-14.466666666666667,	11
22595299,	11085.471310138702,	-21.0,	-21.0,	-14.4,	11
22628702,	11104.892884492874,	-5.0,	11.0,	-18.0,	11
22666104,	11122.529782056808,	-21.0,	-21.0,	-15.633333333333333,	11
22704848,	11140.316433906555,	11.0,	11.0,	-13.866666666666667,	11
22741164,	11159.473456382751,	-5.5,	10.0,	-17.6,	5
22783305,	11181.845525741577,	-21.0,	-21.0,	-12.0,	11
22822536,	11201.829647064209,	-4.5,	11.0,	-12.4,	11
22868509,	11222.10745215416,	-20.5,	-20.0,	-10.333333333333334,	11
22907280,	11239.688112020493,	-5.0,	11.0,	-13.133333333333333,	11
22945121,	11257.787230730057,	-20.5,	-20.0,	-13.166666666666666,	11
22979619,	11275.777648210526,	-5.0,	11.0,	-17.766666666666666,	-1
23021225,	11300.568691015244,	-21.0,	-21.0,	-12.1,	11
23057592,	11316.707068920135,	-21.0,	-21.0,	-15.066666666666666,	11
23097984,	11337.367894411087,	8.5,	11.0,	-14.366666666666667,	11
23133528,	11354.628408193588,	-21.0,	-21.0,	-15.0,	11
23168276,	11375.142780780792,	-20.5,	-20.0,	-15.7,	11
23204157,	11393.93101978302,	-21.0,	-21.0,	-18.333333333333332,	11
23245188,	11413.012115240097,	-5.0,	11.0,	-14.766666666666667,	11
23276351,	11432.337882757187,	-6.5,	6.0,	-18.1,	11
23309170,	11450.159358263016,	-21.0,	-21.0,	-16.766666666666666,	11
23343071,	11465.121212720871,	-21.0,	-21.0,	-17.3,	11
23380065,	11484.250608205795,	-21.0,	-21.0,	-14.8,	11
23418838,	11503.03086066246,	-21.0,	-21.0,	-14.6,	11
23454791,	11521.878118515015,	9.0,	11.0,	-16.6,	11
23492356,	11538.560874938965,	-5.0,	11.0,	-15.533333333333333,	11
23529977,	11559.835324764252,	-1.0,	-1.0,	-16.3,	11
23566728,	11576.259144544601,	-21.0,	-21.0,	-16.066666666666666,	11
23602908,	11594.013429641724,	-21.0,	-21.0,	-16.7,	-1
23637632,	11614.132939815521,	-1.0,	-1.0,	-17.066666666666666,	11
23671736,	11634.777502298355,	-4.5,	11.0,	-15.833333333333334,	11
23716546,	11655.639918327332,	-20.0,	-20.0,	-12.433333333333334,	11
23759513,	11676.090321302414,	-20.5,	-20.0,	-11.566666666666666,	11
23797671,	11693.793408155441,	-20.5,	-20.0,	-15.233333333333333,	11
23836573,	11713.283510923386,	-21.0,	-21.0,	-14.1,	11
23875674,	11729.36533999443,	-20.5,	-20.0,	-12.933333333333334,	11
23913142,	11750.625256299973,	-21.0,	-21.0,	-15.066666666666666,	11
23947996,	11766.172813892365,	-3.0,	11.0,	-16.566666666666666,	11
23987952,	11783.99102973938,	-21.0,	-21.0,	-15.2,	11
24021898,	11803.997045993805,	-11.0,	-1.0,	-18.133333333333333,	-1
24059674,	11825.309025764465,	-21.0,	-21.0,	-17.533333333333335,	-1
24097315,	11844.970667600632,	-21.0,	-21.0,	-15.466666666666667,	11
24135811,	11864.226511001587,	-1.5,	-1.0,	-15.533333333333333,	11
24177655,	11883.775624275208,	-21.0,	-21.0,	-14.966666666666667,	11
24229266,	11904.890093803406,	-20.5,	-20.0,	-9.166666666666666,	11
24272655,	11924.237561225891,	-20.0,	-19.0,	-12.533333333333333,	11
24309037,	11940.014630317688,	-21.0,	-21.0,	-15.766666666666667,	11
24354000,	11960.61708521843,	-20.5,	-20.0,	-12.0,	11
24400468,	11980.624845981598,	-20.5,	-20.0,	-10.7,	11
24446919,	12002.44129562378,	-19.0,	-17.0,	-10.4,	11
24486018,	12021.764179706573,	-5.0,	11.0,	-15.366666666666667,	11
24518227,	12042.268313884735,	-5.0,	11.0,	-17.833333333333332,	11
24550963,	12060.331776618958,	11.0,	11.0,	-18.3,	10
24588058,	12080.228136062622,	-21.0,	-21.0,	-14.866666666666667,	11
24623858,	12095.777935266495,	-21.0,	-21.0,	-15.7,	11
24664765,	12116.91919183731,	-21.0,	-21.0,	-14.466666666666667,	11
24704284,	12137.26446223259,	-4.5,	11.0,	-13.633333333333333,	11
24741299,	12156.534987449646,	-20.5,	-20.0,	-15.666666666666666,	11
24778739,	12178.552040815353,	-20.0,	-20.0,	-14.5,	11
24818587,	12196.818702459335,	-20.5,	-20.0,	-13.033333333333333,	11
24861185,	12217.234788656235,	-20.0,	-20.0,	-13.533333333333333,	11
24896030,	12236.078217029572,	-5.0,	11.0,	-17.166666666666668,	11
24933292,	12255.167474508286,	-4.5,	11.0,	-15.333333333333334,	11
24973278,	12273.029297590256,	-20.5,	-20.0,	-13.066666666666666,	11
25012396,	12290.805140733719,	-4.5,	11.0,	-15.666666666666666,	11
25047796,	12306.956271409988,	-5.0,	11.0,	-17.6,	11
25085416,	12323.931988954544,	-20.5,	-20.0,	-15.166666666666666,	11
25120621,	12339.245515108109,	-21.0,	-21.0,	-15.133333333333333,	11
25153066,	12358.09964299202,	-20.0,	-19.0,	-17.3,	11
25184289,	12374.587555408478,	-20.0,	-19.0,	-17.2,	11
25217367,	12389.920164585114,	-20.0,	-20.0,	-16.233333333333334,	11
25246500,	12405.090024471283,	-5.0,	11.0,	-19.6,	11
25282819,	12422.086586475372,	-19.5,	-19.0,	-16.7,	11
25320641,	12439.661994934082,	-20.0,	-20.0,	-16.566666666666666,	11
25360012,	12458.210356235504,	-20.0,	-19.0,	-14.333333333333334,	11
25393318,	12476.170969486237,	-12.0,	-4.0,	-17.766666666666666,	11
25433001,	12493.711802959442,	-20.0,	-20.0,	-16.4,	11
25471646,	12512.201255559921,	-20.5,	-20.0,	-17.733333333333334,	11
25535390,	12596.914214849472,	-21.0,	-21.0,	-16.833333333333332,	11
25574417,	12617.036538124084,	-20.5,	-20.0,	-16.6,	11
25616365,	12637.115659236908,	-21.0,	-21.0,	-15.6,	14
25655656,	12656.988783836365,	11.0,	11.0,	-16.6,	11
25691095,	12674.606205701828,	-17.0,	-14.0,	-18.066666666666666,	11
25725701,	12692.665509223938,	-21.0,	-21.0,	-18.6,	-1
25757756,	12706.215820550919,	-21.0,	-21.0,	-19.933333333333334,	-1
25792725,	12723.47201704979,	-21.0,	-21.0,	-17.9,	11
25848481,	12807.789584159851,	-20.5,	-20.0,	-18.966666666666665,	-1
25908034,	12893.290360450745,	-11.0,	-1.0,	-18.566666666666666,	-1
25941317,	12908.033953666687,	-21.0,	-21.0,	-19.6,	-1
25974748,	12924.037595033646,	-21.0,	-21.0,	-19.166666666666668,	11
26010837,	12941.228597164154,	-5.0,	11.0,	-18.3,	11
26045970,	12959.767830610275,	-5.0,	11.0,	-18.433333333333334,	11
26129581,	13044.56043457985,	-11.0,	-2.0,	-16.933333333333334,	11
26189763,	13127.20518040657,	-20.5,	-20.0,	-16.233333333333334,	11
26228747,	13145.490898370743,	-20.5,	-20.0,	-16.333333333333332,	11
26265881,	13161.689519643784,	-20.5,	-20.0,	-15.233333333333333,	14
26300794,	13178.09181189537,	-20.5,	-20.0,	-17.5,	11
26335836,	13194.149145841599,	-21.0,	-21.0,	-17.866666666666667,	11
26376296,	13213.737728834152,	7.0,	11.0,	-13.966666666666667,	11
26416437,	13231.790301799774,	-17.0,	-14.0,	-14.933333333333334,	11
26458818,	13251.058342933655,	-4.5,	11.0,	-11.566666666666666,	11
26499390,	13268.06892490387,	-21.0,	-21.0,	-14.266666666666667,	11
26535970,	13284.789539813995,	-20.0,	-20.0,	-16.033333333333335,	11
26577971,	13306.710448741913,	5.0,	11.0,	-13.933333333333334,	11
26616861,	13324.676992177963,	-21.0,	-21.0,	-14.5,	11
26656428,	13345.42194700241,	-15.0,	-15.0,	-13.266666666666667,	11
26699376,	13365.296616077423,	-21.0,	-21.0,	-11.8,	11
26739628,	13384.84630393982,	-21.0,	-21.0,	-13.2,	11
26776551,	13403.170723676682,	-20.0,	-20.0,	-15.066666666666666,	11
26819144,	13422.053301334381,	-5.0,	11.0,	-11.966666666666667,	11
26856301,	13440.070913553238,	-21.0,	-21.0,	-15.333333333333334,	11
26896224,	13458.153326272964,	-21.0,	-21.0,	-18.8,	11
26936119,	13473.821436405182,	-21.0,	-21.0,	-15.566666666666666,	11
26980320,	13494.837564945221,	-20.0,	-20.0,	-13.0,	11
27021757,	13515.689056158066,	11.0,	11.0,	-13.9,	11
27059041,	13535.249931812286,	-20.5,	-20.0,	-17.766666666666666,	11
27097808,	13552.924107789993,	-20.0,	-19.0,	-16.5,	11
27138941,	13571.274680137634,	-21.0,	-21.0,	-16.333333333333332,	11
27178600,	13588.696003437042,	-19.5,	-18.0,	-15.633333333333333,	11
27218712,	13607.14368224144,	-7.0,	6.0,	-14.933333333333334,	11
27259496,	13624.129738807678,	-5.0,	11.0,	-12.566666666666666,	11
27300557,	13641.198851585388,	-20.5,	-20.0,	-13.3,	11
27343084,	13662.247503042221,	11.0,	11.0,	-12.833333333333334,	11
27386501,	13684.091771125793,	-5.0,	11.0,	-11.133333333333333,	11
27445779,	13767.725453138351,	-20.5,	-20.0,	-14.633333333333333,	11
27482811,	13783.499703168869,	-21.0,	-21.0,	-17.566666666666666,	11
27517619,	13800.130845308304,	-20.0,	-19.0,	-16.633333333333333,	11
27556689,	13818.196072101593,	-20.5,	-20.0,	-15.6,	11
27593907,	13835.50416970253,	-19.5,	-19.0,	-18.133333333333333,	11
27628442,	13853.957850694656,	-21.0,	-21.0,	-19.933333333333334,	-5
27672107,	13873.094231128693,	-5.0,	11.0,	-14.333333333333334,	11
27708826,	13890.172472953796,	-5.0,	11.0,	-15.8,	11
27752800,	13909.871811389923,	-21.0,	-21.0,	-11.466666666666667,	11
27790604,	13926.00086259842,	-21.0,	-21.0,	-15.166666666666666,	11
27827006,	13947.454298973083,	-5.0,	11.0,	-17.3,	11
27864061,	13969.424362659454,	4.5,	11.0,	-15.433333333333334,	11
27903705,	13988.034595012665,	-21.0,	-21.0,	-12.833333333333334,	11
27943934,	14005.77181816101,	-4.0,	11.0,	-13.333333333333334,	11
27986837,	14026.793093442917,	-20.0,	-20.0,	-15.0,	11
28023899,	14042.116512537003,	-20.0,	-20.0,	-17.2,	11
28059329,	14060.073018789291,	-5.0,	11.0,	-15.766666666666667,	11
28089322,	14072.257869958878,	-21.0,	-21.0,	-20.1,	-13
28129648,	14091.871918916702,	-21.0,	-21.0,	-15.133333333333333,	11
28168174,	14109.977533340454,	-18.0,	-16.0,	-15.333333333333334,	11
28202634,	14126.006661176682,	-20.0,	-19.0,	-16.633333333333333,	11
28236573,	14143.46097111702,	11.0,	11.0,	-18.7,	11
28266267,	14155.215523481369,	-21.0,	-21.0,	-20.566666666666666,	-18
28300354,	14174.217183828354,	-4.5,	11.0,	-18.9,	11
28333888,	14191.421911478043,	-5.0,	11.0,	-19.1,	-1
28368978,	14206.192771673203,	-19.5,	-19.0,	-15.8,	11
28399552,	14222.670896291733,	-10.0,	1.0,	-17.666666666666668,	11
28434241,	14238.701994895935,	-5.0,	11.0,	-16.766666666666666,	11
28466079,	14254.232909440994,	-5.0,	11.0,	-18.433333333333334,	11
28504363,	14271.07322382927,	-4.5,	11.0,	-14.3,	11
28534604,	14284.569322347641,	-5.0,	11.0,	-18.0,	11
28568809,	14302.360558271408,	-2.0,	11.0,	-15.766666666666667,	11
28609859,	14321.636152982712,	-10.0,	1.0,	-8.866666666666667,	11
28645618,	14336.625899791718,	-5.0,	11.0,	-16.333333333333332,	11
28684320,	14353.661795139313,	11.0,	11.0,	-12.133333333333333,	11
28720886,	14372.557705402374,	-19.0,	-19.0,	-15.566666666666666,	11
28759411,	14387.744258403778,	-20.5,	-20.0,	-12.9,	11
28799495,	14405.849039793015,	-20.5,	-20.0,	-13.3,	11
28838607,	14422.531403779984,	-20.0,	-20.0,	-13.2,	11
28875508,	14438.386183977127,	-21.0,	-21.0,	-13.166666666666666,	11
28916064,	14457.469522953033,	-21.0,	-21.0,	-11.5,	11
28951530,	14472.48694729805,	-21.0,	-21.0,	-13.733333333333333,	11
28986582,	14487.977556228638,	-11.0,	-1.0,	-15.333333333333334,	11
29026304,	14507.07523560524,	11.0,	11.0,	-12.1,	11
29061737,	14522.34450173378,	-21.0,	-21.0,	-15.233333333333333,	11
29099761,	14538.351429700851,	-21.0,	-21.0,	-13.533333333333333,	11
29138690,	14557.221363782883,	-21.0,	-21.0,	-12.5,	11
29178731,	14577.34869146347,	-20.5,	-20.0,	-13.366666666666667,	11
29223088,	14597.193917751312,	11.0,	11.0,	-9.9,	11
29255113,	14612.251868724823,	-20.5,	-20.0,	-16.6,	11
29294309,	14627.86968946457,	-21.0,	-21.0,	-14.366666666666667,	11
29331641,	14645.909341812134,	-21.0,	-21.0,	-14.033333333333333,	11
29371567,	14664.994397163391,	-5.0,	11.0,	-11.666666666666666,	11
29408171,	14681.021515369415,	-5.0,	11.0,	-18.7,	11
29451083,	14701.173840522766,	-4.5,	11.0,	-10.666666666666666,	11
29490920,	14720.697707414627,	-21.0,	-21.0,	-12.466666666666667,	11
29526312,	14737.805532693863,	-19.5,	-19.0,	-16.633333333333333,	11
29562935,	14758.056586503983,	7.0,	7.0,	-16.666666666666668,	11
29592233,	14772.366959095001,	-4.5,	11.0,	-19.566666666666666,	11
29626710,	14788.447974920273,	-20.5,	-20.0,	-17.366666666666667,	11
29657788,	14802.32106423378,	-20.0,	-20.0,	-19.666666666666668,	11
29693396,	14819.339223623276,	-20.5,	-20.0,	-16.6,	11
29727000,	14835.904740333557,	-20.5,	-20.0,	-19.433333333333334,	7
29764251,	14852.163269281387,	-5.0,	11.0,	-15.9,	11
29794088,	14865.613942146301,	-21.0,	-21.0,	-19.8,	8
29827711,	14881.474496603012,	-20.5,	-20.0,	-17.266666666666666,	11
29865890,	14900.083336114883,	-5.0,	11.0,	-13.166666666666666,	11
29899106,	14915.585419416428,	-5.0,	11.0,	-16.1,	11
29934372,	14930.011017799377,	-20.5,	-20.0,	-14.2,	11
29968788,	14944.967613697052,	-20.0,	-20.0,	-14.166666666666666,	11
30003752,	14962.601114988327,	-5.0,	11.0,	-15.266666666666667,	11
30035968,	14979.235337972641,	-19.5,	-19.0,	-15.3,	11
30069735,	14993.98094701767,	-21.0,	-21.0,	-16.266666666666666,	11
30102735,	15010.312520742416,	-21.0,	-21.0,	-16.566666666666666,	11
30138419,	15028.19964647293,	-20.5,	-20.0,	-14.6,	11
30181230,	15047.093977928162,	-20.0,	-20.0,	-9.133333333333333,	11
30214546,	15061.39281797409,	-5.0,	11.0,	-16.133333333333333,	11
30251668,	15076.975573301315,	-5.0,	11.0,	-12.933333333333334,	11
30283369,	15091.371198654175,	-20.5,	-20.0,	-17.466666666666665,	11
30321274,	15110.255467414856,	-20.0,	-19.0,	-11.1,	11
30357087,	15128.70765709877,	-5.0,	11.0,	-14.3,	11
30397287,	15150.206202030182,	11.0,	11.0,	-11.866666666666667,	11
30436287,	15170.241211175919,	-19.5,	-18.0,	-13.133333333333333,	11
30471251,	15188.240491628647,	-4.5,	11.0,	-14.033333333333333,	11
30506721,	15206.430032491684,	11.0,	11.0,	-14.933333333333334,	11
30544099,	15224.764238119125,	-21.0,	-21.0,	-11.966666666666667,	11
30583255,	15241.11148929596,	-5.0,	11.0,	-12.1,	11
30616045,	15259.545651197433,	-5.0,	11.0,	-15.366666666666667,	11
30648449,	15273.219866752625,	-21.0,	-21.0,	-17.2,	11
30689067,	15290.120376586914,	-21.0,	-21.0,	-10.066666666666666,	11
30725613,	15307.101163387299,	-20.0,	-20.0,	-14.133333333333333,	11
30767543,	15327.337906837463,	-19.0,	-19.0,	-10.466666666666667,	11
30801127,	15341.875664949417,	-16.0,	-12.0,	-16.4,	11
30838125,	15359.747254610062,	-5.0,	11.0,	-15.866666666666667,	11
30874952,	15378.75691986084,	10.0,	11.0,	-13.166666666666666,	11
30909647,	15393.522299289703,	-20.5,	-20.0,	-17.2,	11
30947444,	15412.19369673729,	-20.5,	-20.0,	-13.433333333333334,	11
30981064,	15427.28851222992,	-20.0,	-20.0,	-15.266666666666667,	11
31023036,	15446.696958065033,	-5.0,	11.0,	-9.8,	11
31065995,	15465.565858364105,	-5.0,	11.0,	-11.666666666666666,	11
31105409,	15484.002197504044,	-5.5,	10.0,	-11.166666666666666,	11
31144741,	15500.739082813263,	-19.5,	-18.0,	-14.733333333333333,	11
31191266,	15520.757511615753,	-21.0,	-21.0,	-6.833333333333333,	11
31230764,	15540.023886442184,	-21.0,	-21.0,	-11.133333333333333,	11
31272945,	15559.571088314056,	-5.0,	11.0,	-8.966666666666667,	11
31317507,	15580.984785079956,	11.0,	11.0,	-7.766666666666667,	11
31356722,	15598.19034075737,	-5.0,	11.0,	-10.1,	11
31394473,	15617.628838777542,	-4.5,	11.0,	-11.1,	11
31438242,	15637.080156087875,	-5.0,	11.0,	-8.066666666666666,	11
31481070,	15656.89587187767,	-21.0,	-21.0,	-8.933333333333334,	11
31524782,	15675.895669221878,	-5.0,	11.0,	-10.166666666666666,	11
31570510,	15695.674923181534,	-20.5,	-20.0,	-5.733333333333333,	11
31614035,	15715.995566368103,	-5.0,	11.0,	-9.0,	11
31654438,	15734.744669675827,	-5.0,	11.0,	-11.3,	11
31696426,	15753.75280880928,	11.0,	11.0,	-7.9,	11
31738998,	15772.639981031418,	-20.0,	-20.0,	-6.833333333333333,	11
31781937,	15792.055650234222,	-5.0,	11.0,	-9.233333333333333,	11
31819132,	15810.767714738846,	-20.0,	-19.0,	-12.833333333333334,	11
31866734,	15832.402753829956,	-3.5,	11.0,	-4.2,	11
31905171,	15850.816428899765,	11.0,	11.0,	-10.3,	11
31945692,	15869.136261224747,	-4.5,	11.0,	-11.366666666666667,	11
31988683,	15888.775947332382,	-20.0,	-20.0,	-8.0,	11
32030074,	15904.314571857452,	-4.5,	11.0,	-9.033333333333333,	11
32068965,	15922.593633174896,	1.5,	11.0,	-10.866666666666667,	11
32109902,	15939.53750371933,	-5.0,	11.0,	-9.3,	11
32155827,	15959.702311038971,	11.0,	11.0,	-4.866666666666666,	11
32197310,	15978.910347700119,	-5.0,	11.0,	-9.966666666666667,	11
32235571,	15998.076435804367,	-5.0,	11.0,	-11.833333333333334,	11
32276294,	16017.212413072586,	-5.0,	11.0,	-9.466666666666667,	11
32319341,	16036.724006175995,	-5.0,	11.0,	-6.933333333333334,	11
32363419,	16057.091140508652,	-4.0,	11.0,	-7.966666666666667,	11
32407908,	16076.847428321838,	-15.0,	-15.0,	-5.7,	11
32447304,	16099.028507232666,	11.0,	11.0,	-11.1,	11
32490226,	16118.217679023743,	11.0,	11.0,	-7.833333333333333,	11
32532096,	16137.425109863281,	11.0,	11.0,	-8.033333333333333,	11
32572602,	16156.659841060638,	-4.5,	11.0,	-9.0,	11
32610672,	16176.09638428688,	11.0,	11.0,	-10.2,	11
32650551,	16195.025000810623,	11.0,	11.0,	-11.666666666666666,	11
32689658,	16214.148668527603,	-20.5,	-20.0,	-10.1,	11
32728747,	16233.071148872375,	11.0,	11.0,	-10.0,	11
32765848,	16251.369906187057,	-5.0,	11.0,	-12.8,	11
32810147,	16272.255830526352,	-5.0,	11.0,	-6.866666666666666,	11
32850998,	16291.546061754227,	-6.0,	8.0,	-9.033333333333333,	11
32890725,	16310.785120010376,	-5.0,	11.0,	-10.166666666666666,	11
32929702,	16330.031225681305,	-4.5,	11.0,	-10.166666666666666,	11
32964313,	16346.857993841171,	-5.0,	11.0,	-14.166666666666666,	11
33006828,	16365.80041885376,	11.0,	11.0,	-6.9,	11
33045021,	16384.379948616028,	-19.0,	-19.0,	-10.266666666666667,	11
33085359,	16404.091910362244,	-5.0,	11.0,	-9.1,	11
33131043,	16425.437568187714,	-5.0,	11.0,	-4.866666666666666,	11
33180468,	16445.010162115097,	-21.0,	-21.0,	-1.6,	11
33221242,	16464.113130807877,	11.0,	11.0,	-8.066666666666666,	11
33259017,	16482.37657546997,	-5.0,	11.0,	-10.266666666666667,	11
33308504,	16502.485595464706,	-19.5,	-19.0,	-1.8,	11
33348419,	16521.200454950333,	-5.0,	11.0,	-9.233333333333333,	11
33388183,	16540.14667725563,	-21.0,	-21.0,	-9.133333333333333,	11
33423980,	16558.246537923813,	-20.5,	-20.0,	-12.3,	11
33470674,	16578.477479934692,	-5.0,	11.0,	-3.933333333333333,	11
33514708,	16597.821820497513,	-5.0,	11.0,	-5.833333333333333,	11
33559872,	16617.323173999786,	11.0,	11.0,	-6.466666666666667,	11
33611185,	16637.212250471115,	-21.0,	-21.0,	-1.3666666666666667,	11
33652506,	16656.231385231018,	-20.5,	-20.0,	-8.033333333333333,	11
33696323,	16677.837913751602,	11.0,	11.0,	-5.9,	11
33739737,	16697.124031066895,	-5.0,	11.0,	-7.733333333333333,	11
33772031,	16711.560567378998,	-5.0,	11.0,	-15.066666666666666,	11
33809369,	16729.431920528412,	-5.0,	11.0,	-12.1,	11
33851674,	16748.669384241104,	-5.0,	11.0,	-8.0,	11
33892092,	16771.919419288635,	11.0,	11.0,	-10.433333333333334,	11
33929024,	16786.90122938156,	-21.0,	-21.0,	-11.133333333333333,	11
33970795,	16805.860276699066,	-4.5,	11.0,	-8.733333333333333,	11
34011014,	16826.389719486237,	-5.0,	11.0,	-9.133333333333333,	11
34043866,	16842.9553501606,	-5.0,	11.0,	-14.333333333333334,	11
34086296,	16862.928206205368,	11.0,	11.0,	-6.9,	11
34125142,	16881.250175714493,	-4.5,	11.0,	-9.866666666666667,	11
34166527,	16900.785041570663,	-5.0,	11.0,	-8.0,	11
34204011,	16916.608320236206,	-5.0,	11.0,	-10.966666666666667,	11
34243914,	16935.55496931076,	-20.5,	-20.0,	-8.966666666666667,	11
34284001,	16954.421587705612,	-20.5,	-20.0,	-8.866666666666667,	11
34320090,	16969.798867225647,	-19.5,	-19.0,	-11.933333333333334,	11
34364771,	16989.42602944374,	-5.0,	11.0,	-5.7,	11
34405225,	17009.162863492966,	-5.0,	11.0,	-8.933333333333334,	11
34448670,	17027.27712893486,	-20.5,	-20.0,	-6.666666666666667,	11
34485537,	17044.184237480164,	-21.0,	-21.0,	-12.266666666666667,	11
34529258,	17064.34620332718,	11.0,	11.0,	-7.6,	11
34567128,	17082.752474546432,	11.0,	11.0,	-12.333333333333334,	11
34608428,	17102.001908540726,	-5.0,	11.0,	-10.2,	11
34652970,	17121.460268735886,	-5.0,	11.0,	-7.033333333333333,	11
34699742,	17141.467496156693,	11.0,	11.0,	-4.6,	11
34746354,	17161.00358438492,	-5.0,	11.0,	-4.9,	11
34785855,	17177.635385513306,	-21.0,	-21.0,	-10.933333333333334,	11
34829491,	17199.108058214188,	-4.5,	11.0,	-9.0,	11
34869477,	17217.630470752716,	-20.5,	-20.0,	-11.533333333333333,	11
34903994,	17233.69910645485,	11.0,	11.0,	-14.233333333333333,	11
34937275,	17252.775888442993,	-5.0,	11.0,	-15.233333333333333,	11
34978515,	17273.03098988533,	11.0,	11.0,	-11.933333333333334,	11
35023030,	17292.626277923584,	-5.0,	11.0,	-7.066666666666666,	11
35058977,	17310.144134521484,	-5.0,	11.0,	-13.433333333333334,	11
35097998,	17332.220381975174,	-5.0,	11.0,	-12.1,	11
35133577,	17347.812447309494,	-5.0,	11.0,	-14.8,	11
35172908,	17365.51288318634,	-21.0,	-21.0,	-9.266666666666667,	11
35212917,	17386.623329639435,	-5.0,	11.0,	-13.7,	11
35248013,	17404.53195142746,	-5.0,	11.0,	-15.1,	11
35280038,	17418.488837242126,	-5.0,	11.0,	-15.6,	11
35309630,	17431.640521764755,	-21.0,	-21.0,	-16.566666666666666,	11
35342306,	17446.19813966751,	-5.0,	11.0,	-14.366666666666667,	11
35378276,	17464.599631547928,	-5.0,	11.0,	-12.133333333333333,	11
35415020,	17482.11195254326,	11.0,	11.0,	-12.2,	11
35455620,	17500.953619003296,	-5.0,	11.0,	-9.4,	11
35492601,	17519.940252780914,	-5.0,	11.0,	-11.033333333333333,	11
35527751,	17534.860830307007,	-4.5,	11.0,	-13.4,	11
35568620,	17554.228892803192,	-20.5,	-20.0,	-9.1,	11
35611964,	17573.63575053215,	-5.0,	11.0,	-6.0,	11
35650176,	17591.61841058731,	-5.0,	11.0,	-10.266666666666667,	11
35689451,	17610.20042514801,	-21.0,	-21.0,	-10.366666666666667,	11
35727307,	17628.540219068527,	-5.0,	11.0,	-11.733333333333333,	11
35769699,	17647.41228723526,	-18.0,	-18.0,	-7.2,	11
35809430,	17665.855775117874,	-4.5,	11.0,	-10.233333333333333,	11
35851106,	17683.644688606262,	11.0,	11.0,	-8.466666666666667,	11
35892772,	17703.3230175972,	11.0,	11.0,	-8.966666666666667,	11
35938798,	17722.897468328476,	-5.0,	11.0,	-5.766666666666667,	11
35980902,	17741.948415517807,	11.0,	11.0,	-8.566666666666666,	11
36028547,	17761.541120052338,	-21.0,	-21.0,	-3.466666666666667,	11
36070460,	17778.134921073914,	-5.0,	11.0,	-10.333333333333334,	11
36114967,	17797.974061250687,	11.0,	11.0,	-5.766666666666667,	11
36160912,	17817.92524933815,	11.0,	11.0,	-4.766666666666667,	11
36203116,	17835.92619419098,	-21.0,	-21.0,	-8.933333333333334,	11
36241140,	17850.992474079132,	-5.0,	11.0,	-11.0,	11
36288242,	17870.740961313248,	-4.5,	11.0,	-4.633333333333334,	11
36331535,	17890.354913949966,	-5.0,	11.0,	-10.7,	11
