0.00999998
0.00999995
0.00999993
0.00999991
0.00999988
0.00999986
0.00999984
0.00999981
0.00999979
0.00999976
0.00999974
0.00999972
0.00999969
0.00999967
0.00999965
0.00999962
0.0099996
0.00999958
0.00999955
0.00999953
0.00999951
0.00999948
0.00999946
0.00999944
0.00999941
0.00999939
0.00999936
0.00999934
0.00999932
0.00999929
0.00999927
0.00999925
0.00999922
0.0099992
0.00999918
0.00999915
0.00999913
0.00999911
0.00999908
0.00999906
0.00999904
0.00999901
0.00999899
0.00999897
0.00999894
0.00999892
0.00999889
0.00999887
0.00999885
0.00999882
0.0099988
0.00999878
0.00999875
0.00999873
0.00999871
0.00999868
0.00999866
0.00999864
0.00999861
0.00999859
0.00999857
0.00999854
0.00999852
0.00999849
0.00999847
0.00999845
0.00999842
0.0099984
0.00999838
0.00999835
0.00999833
0.00999831
0.00999828
0.00999826
0.00999824
0.00999821
0.00999819
0.00999817
0.00999814
0.00999812
0.0099981
0.00999807
0.00999805
0.00999802
0.009998
0.00999798
0.00999795
0.00999793
0.00999791
0.00999788
0.00999786
0.00999784
0.00999781
0.00999779
0.00999777
0.00999774
0.00999772
0.0099977
0.00999767
0.00999765
0.00999763
0.0099976
0.00999758
0.00999755
0.00999753
0.00999751
0.00999748
0.00999746
0.00999744
0.00999741
0.00999739
0.00999737
0.00999734
0.00999732
0.0099973
0.00999727
0.00999725
0.00999723
0.0099972
0.00999718
0.00999716
0.00999713
0.00999711
0.00999708
0.00999706
0.00999704
0.00999701
0.00999699
0.00999697
0.00999694
0.00999692
0.0099969
0.00999687
0.00999685
0.00999683
0.0099968
0.00999678
0.00999676
0.00999673
0.00999671
0.00999669
0.00999666
0.00999664
0.00999662
0.00999659
0.00999657
0.00999654
0.00999652
0.0099965
0.00999647
0.00999645
0.00999643
0.0099964
0.00999638
0.00999636
0.00999633
0.00999631
0.00999629
0.00999626
0.00999624
0.00999622
0.00999619
0.00999617
0.00999615
0.00999612
0.0099961
0.00999607
0.00999605
0.00999603
0.009996
0.00999598
0.00999596
0.00999593
0.00999591
0.00999589
0.00999586
0.00999584
0.00999582
0.00999579
0.00999577
0.00999575
0.00999572
0.0099957
0.00999568
0.00999565
0.00999563
0.00999561
0.00999558
0.00999556
0.00999554
0.00999551
0.00999549
0.00999546
0.00999544
0.00999542
0.00999539
0.00999537
0.00999535
0.00999532
0.0099953
0.00999528
0.00999525
0.00999523
0.00999521
0.00999518
0.00999516
0.00999514
0.00999511
0.00999509
0.00999507
0.00999504
0.00999502
0.009995
0.00999497
0.00999495
0.00999492
0.0099949
0.00999488
0.00999485
0.00999483
0.00999481
0.00999478
0.00999476
0.00999474
0.00999471
0.00999469
0.00999467
0.00999464
0.00999462
0.0099946
0.00999457
0.00999455
0.00999453
0.0099945
0.00999448
0.00999446
0.00999443
0.00999441
0.00999439
0.00999436
0.00999434
0.00999431
0.00999429
0.00999427
0.00999424
0.00999422
0.0099942
0.00999417
0.00999415
0.00999413
0.0099941
0.00999408
0.00999406
0.00999403
0.00999401
0.00999399
0.00999396
0.00999394
0.00999392
0.00999389
0.00999387
0.00999385
0.00999382
0.0099938
0.00999378
0.00999375
0.00999373
0.0099937
0.00999368
0.00999366
0.00999363
0.00999361
0.00999359
0.00999356
0.00999354
0.00999352
0.00999349
0.00999347
0.00999345
0.00999342
0.0099934
0.00999338
0.00999335
0.00999333
0.00999331
0.00999328
0.00999326
0.00999324
0.00999321
0.00999319
0.00999317
0.00999314
0.00999312
0.0099931
0.00999307
0.00999305
0.00999302
0.009993
0.00999298
0.00999295
0.00999293
0.00999291
0.00999288
0.00999286
0.00999284
0.00999281
0.00999279
0.00999277
0.00999274
0.00999272
0.0099927
0.00999267
0.00999265
0.00999263
0.0099926
0.00999258
0.00999256
0.00999253
0.00999251
0.00999249
0.00999246
0.00999244
0.00999242
0.00999239
0.00999237
0.00999235
0.00999232
0.0099923
0.00999227
0.00999225
0.00999223
0.0099922
0.00999218
0.00999216
0.00999213
0.00999211
0.00999209
0.00999206
0.00999204
0.00999202
0.00999199
0.00999197
0.00999195
0.00999192
0.0099919
0.00999188
0.00999185
0.00999183
0.00999181
0.00999178
0.00999176
0.00999174
0.00999171
0.00999169
0.00999167
0.00999164
0.00999162
0.0099916
0.00999157
0.00999155
0.00999153
0.0099915
0.00999148
0.00999145
0.00999143
0.00999141
0.00999138
0.00999136
0.00999134
0.00999131
0.00999129
0.00999127
0.00999124
0.00999122
0.0099912
0.00999117
0.00999115
0.00999113
0.0099911
0.00999108
0.00999106
0.00999103
0.00999101
0.00999099
0.00999096
0.00999094
0.00999092
0.00999089
0.00999087
0.00999085
0.00999082
0.0099908
0.00999078
0.00999075
0.00999073
0.00999071
0.00999068
0.00999066
0.00999064
0.00999061
0.00999059
0.00999056
0.00999054
0.00999052
0.00999049
0.00999047
0.00999045
0.00999042
0.0099904
0.00999038
0.00999035
0.00999033
0.00999031
0.00999028
0.00999026
0.00999024
0.00999021
0.00999019
0.00999017
0.00999014
0.00999012
0.0099901
0.00999007
0.00999005
0.00999003
0.00999
0.00998998
0.00998996
0.00998993
0.00998991
0.00998989
0.00998986
0.00998984
0.00998982
0.00998979
0.00998977
0.00998975
0.00998972
0.0099897
0.00998968
0.00998965
0.00998963
0.0099896
0.00998958
0.00998956
0.00998953
0.00998951
0.00998949
0.00998946
0.00998944
0.00998942
0.00998939
0.00998937
0.00998935
0.00998932
0.0099893
0.00998928
0.00998925
0.00998923
0.00998921
