7870,	55.86073064804077,	-21.0,	-21.0,	-20.9,	-20
16037,	63.255350828170776,	-21.0,	-21.0,	-20.6,	-19
23808,	69.79194808006287,	-21.0,	-21.0,	-20.9,	-20
32271,	77.84576988220215,	-21.0,	-21.0,	-20.9,	-20
41647,	87.92922949790955,	-21.0,	-21.0,	-20.8,	-20
49660,	95.3490047454834,	-21.0,	-21.0,	-20.9,	-20
58723,	105.5830545425415,	-21.0,	-21.0,	-21.0,	-21
66838,	113.99969148635864,	-20.5,	-20.0,	-20.7,	-20
75346,	121.69365763664246,	-21.0,	-21.0,	-20.7,	-19
83850,	129.10407209396362,	-21.0,	-21.0,	-20.3,	-19
91856,	136.00681471824646,	-21.0,	-21.0,	-20.7,	-20
99705,	143.07325887680054,	-19.5,	-19.0,	-20.9,	-20
109557,	153.25013971328735,	-21.0,	-21.0,	-19.3,	-8
120577,	165.63956761360168,	-12.0,	-5.0,	-19.0,	-7
136258,	180.6917998790741,	-11.0,	-3.0,	-15.3,	-3
146381,	191.51900172233582,	-20.0,	-19.0,	-19.8,	-14
154508,	206.3830144405365,	-20.5,	-20.0,	-20.9,	-20
168758,	224.87135577201843,	-20.0,	-20.0,	-17.6,	-5
178474,	238.64859533309937,	-10.0,	-1.0,	-20.4,	-19
192453,	253.0488977432251,	-21.0,	-21.0,	-18.1,	-1
202008,	263.58958649635315,	-21.0,	-21.0,	-20.4,	-19
211195,	275.1229064464569,	-19.0,	-19.0,	-20.7,	-20
219420,	285.03325033187866,	-17.0,	-14.0,	-20.7,	-20
230588,	296.1242775917053,	-21.0,	-21.0,	-19.3,	-6
241929,	308.42973732948303,	-17.5,	-16.0,	-17.8,	-6
252148,	322.9337546825409,	-21.0,	-21.0,	-20.6,	-19
260571,	330.96335458755493,	-21.0,	-21.0,	-20.5,	-19
271368,	343.00540566444397,	-21.0,	-21.0,	-20.7,	-20
281008,	353.75269746780396,	-20.5,	-20.0,	-20.4,	-19
292244,	364.52655482292175,	-20.0,	-20.0,	-20.8,	-20
301543,	373.7915976047516,	-20.0,	-20.0,	-20.0,	-17
311725,	384.27525806427,	-20.0,	-20.0,	-20.9,	-20
320665,	392.5527195930481,	-21.0,	-21.0,	-20.5,	-19
333444,	406.98754358291626,	-20.5,	-20.0,	-20.8,	-20
347002,	421.7286710739136,	-20.5,	-20.0,	-20.9,	-20
357848,	432.730815410614,	-20.0,	-20.0,	-19.9,	-14
366470,	440.916051864624,	-20.0,	-20.0,	-20.8,	-20
376714,	451.3338243961334,	-20.5,	-20.0,	-20.3,	-17
385274,	459.65934228897095,	-20.5,	-20.0,	-20.3,	-17
393633,	467.8930079936981,	-19.5,	-19.0,	-20.8,	-20
403736,	480.11813163757324,	-20.0,	-20.0,	-20.5,	-20
414035,	491.22281551361084,	-20.0,	-19.0,	-17.2,	8
422238,	501.35332679748535,	-16.0,	-12.0,	-20.5,	-19
430913,	509.82982754707336,	-21.0,	-21.0,	-20.7,	-20
438930,	516.7599532604218,	-21.0,	-21.0,	-20.6,	-20
447100,	523.7525763511658,	-21.0,	-21.0,	-20.6,	-20
455199,	531.1343235969543,	-21.0,	-21.0,	-20.8,	-19
463560,	538.4383928775787,	-20.5,	-20.0,	-20.5,	-19
471861,	545.5737016201019,	-20.5,	-20.0,	-20.4,	-19
480159,	552.6883809566498,	-20.0,	-20.0,	-20.4,	-20
488152,	559.8378856182098,	-20.0,	-19.0,	-20.7,	-19
496492,	567.158358335495,	-20.5,	-20.0,	-20.5,	-19
504731,	576.8655171394348,	-16.0,	-11.0,	-20.7,	-20
512970,	584.1604118347168,	-20.0,	-20.0,	-20.9,	-20
521295,	591.270162820816,	-20.5,	-20.0,	-20.2,	-19
529581,	598.5999293327332,	-20.5,	-20.0,	-20.6,	-20
538139,	605.980058670044,	-20.5,	-20.0,	-20.1,	-19
546833,	614.2952127456665,	-20.5,	-20.0,	-20.7,	-20
555177,	622.1191973686218,	-21.0,	-21.0,	-20.7,	-20
564251,	632.7745676040649,	-20.5,	-20.0,	-19.5,	-8
573215,	641.8046686649323,	-21.0,	-21.0,	-20.6,	-19
583483,	652.1619009971619,	-20.5,	-20.0,	-19.9,	-16
592297,	659.8323755264282,	-20.0,	-20.0,	-20.1,	-19
601250,	669.4474537372589,	-21.0,	-21.0,	-19.6,	-11
611130,	681.4543335437775,	-21.0,	-21.0,	-19.8,	-13
619814,	689.4393014907837,	-20.5,	-20.0,	-19.9,	-17
628539,	698.689334154129,	-20.0,	-20.0,	-19.9,	-12
637818,	708.5718853473663,	-20.5,	-20.0,	-19.8,	-13
648187,	720.0815875530243,	-21.0,	-21.0,	-18.5,	-1
659237,	734.7036826610565,	-20.5,	-20.0,	-18.0,	1
667572,	741.9448978900909,	-20.5,	-20.0,	-20.3,	-18
677278,	752.2655966281891,	-21.0,	-21.0,	-20.0,	-13
687734,	767.4947144985199,	-10.0,	1.0,	-19.7,	-14
697180,	778.1183376312256,	-20.0,	-20.0,	-19.9,	-14
709206,	789.8984153270721,	-20.5,	-20.0,	-18.8,	-11
718943,	798.6909806728363,	-19.5,	-19.0,	-20.1,	-18
727805,	808.2840831279755,	-17.5,	-14.0,	-20.1,	-14
736805,	816.988263130188,	-20.5,	-20.0,	-20.2,	-18
746081,	827.8349237442017,	-20.0,	-20.0,	-20.4,	-19
757696,	840.3627014160156,	-20.0,	-20.0,	-18.4,	-7
766565,	849.7001430988312,	-20.5,	-20.0,	-19.7,	-11
775323,	859.0017056465149,	-19.5,	-19.0,	-20.6,	-20
784223,	878.2622754573822,	-1.0,	-1.0,	-20.2,	-17
793401,	886.6507680416107,	-20.0,	-20.0,	-20.0,	-15
805489,	898.6463468074799,	-19.5,	-19.0,	-18.4,	-13
816401,	908.7093017101288,	-19.5,	-19.0,	-18.7,	-12
826817,	920.3185622692108,	-13.0,	-6.0,	-19.8,	-18
835505,	927.764059305191,	-21.0,	-21.0,	-20.1,	-19
846183,	939.468022108078,	-20.0,	-20.0,	-19.0,	-13
854736,	946.9857873916626,	-21.0,	-21.0,	-20.2,	-18
864590,	960.362753868103,	-10.5,	-1.0,	-19.4,	-17
874562,	970.9134860038757,	-20.0,	-20.0,	-20.3,	-19
888043,	984.3680868148804,	-17.5,	-17.0,	-15.2,	10
900090,	996.8464500904083,	-19.0,	-19.0,	-17.8,	-8
910134,	1019.1942453384399,	-1.0,	-1.0,	-20.2,	-19
920025,	1028.6981081962585,	-21.0,	-21.0,	-19.0,	-14
930813,	1041.084079027176,	-20.5,	-20.0,	-19.9,	-19
941591,	1052.4517760276794,	-21.0,	-21.0,	-19.4,	-16
951536,	1062.147516965866,	-19.0,	-17.0,	-19.9,	-15
963488,	1075.1783373355865,	-21.0,	-21.0,	-17.0,	-1
973121,	1086.1505081653595,	-21.0,	-21.0,	-19.2,	-9
982846,	1101.586252450943,	-10.5,	-6.0,	-19.5,	-17
991081,	1111.3993961811066,	-18.0,	-17.0,	-20.6,	-20
1025035,	1191.1991906166077,	-13.0,	-13.0,	-16.9,	0
1036331,	1204.006413936615,	-20.0,	-19.0,	-18.4,	-10
1046516,	1214.1108555793762,	-21.0,	-21.0,	-19.1,	-11
1056411,	1225.6766564846039,	-19.0,	-19.0,	-18.0,	7
1066858,	1235.2367770671844,	-20.0,	-20.0,	-18.2,	-13
1075604,	1246.4359092712402,	-15.5,	-11.0,	-20.1,	-18
1087995,	1262.991277217865,	-6.0,	-6.0,	-17.1,	-7
1100688,	1275.998907327652,	-19.0,	-17.0,	-15.0,	7
1112641,	1287.7662844657898,	-20.0,	-20.0,	-17.9,	-11
1127425,	1301.5705728530884,	-20.5,	-20.0,	-12.8,	1
1135884,	1309.2755088806152,	-19.5,	-19.0,	-20.1,	-18
1149135,	1322.0929050445557,	-18.0,	-18.0,	-17.3,	-10
1160104,	1336.9177641868591,	-19.0,	-19.0,	-18.4,	-6
1173979,	1351.5154910087585,	-16.0,	-11.0,	-17.0,	-11
1185266,	1364.2974178791046,	-16.5,	-12.0,	-17.8,	-3
1195689,	1375.996241569519,	-18.0,	-18.0,	-18.2,	1
1205371,	1384.8649501800537,	-20.0,	-19.0,	-19.5,	-14
1216464,	1395.9670808315277,	-20.0,	-20.0,	-18.0,	-11
1229933,	1409.2885751724243,	-20.0,	-20.0,	-14.8,	1
1239156,	1418.438823223114,	-19.0,	-19.0,	-19.7,	-16
1248339,	1434.7104988098145,	1.0,	1.0,	-20.1,	-19
1260088,	1451.8775854110718,	-20.5,	-20.0,	-17.2,	10
1268975,	1461.802803516388,	-15.5,	-14.0,	-19.8,	-15
1278431,	1474.663333415985,	-7.5,	3.0,	-19.6,	-17
1289414,	1493.0263724327087,	-1.5,	-1.0,	-18.1,	-6
1302329,	1506.2973353862762,	-10.5,	-2.0,	-17.6,	-8
1314934,	1520.1892845630646,	-20.0,	-20.0,	-17.0,	-1
1327349,	1533.961586713791,	-17.0,	-15.0,	-16.1,	-2
1337505,	1543.6515765190125,	-21.0,	-21.0,	-19.3,	-13
1348768,	1554.9931168556213,	-20.0,	-19.0,	-19.1,	-14
1362921,	1571.5871975421906,	-6.0,	-6.0,	-14.6,	9
1372595,	1589.750339269638,	-2.0,	-2.0,	-19.2,	-14
1384457,	1603.39413356781,	-13.0,	-6.0,	-16.9,	-8
1394948,	1617.18337225914,	-9.5,	1.0,	-19.3,	-11
1406606,	1628.8569657802582,	-20.0,	-20.0,	-17.0,	-1
1417278,	1640.9587180614471,	-10.5,	-1.0,	-18.0,	-11
1427487,	1650.7915959358215,	-20.5,	-20.0,	-19.4,	-14
1441562,	1664.1389138698578,	-19.0,	-19.0,	-14.3,	-4
1454985,	1677.4141907691956,	-8.5,	-1.0,	-15.7,	-1
1464800,	1687.7326381206512,	-14.0,	-8.0,	-19.3,	-15
1477536,	1699.4340980052948,	-20.0,	-20.0,	-17.1,	-8
1487873,	1708.581607580185,	-18.0,	-18.0,	-19.6,	-15
1501510,	1721.2670171260834,	-11.0,	-4.0,	-16.2,	-10
1513969,	1734.0178768634796,	-18.0,	-18.0,	-17.5,	-9
1525375,	1747.8733615875244,	-8.0,	-5.0,	-18.2,	-10
1538814,	1763.473881483078,	-21.0,	-21.0,	-15.9,	-1
1552431,	1780.655463218689,	-11.0,	-11.0,	-15.5,	-1
1563359,	1792.2031536102295,	-18.0,	-15.0,	-19.4,	-13
1577718,	1806.0766110420227,	-15.5,	-10.0,	-14.6,	-1
1592685,	1820.765681028366,	-15.5,	-10.0,	-14.6,	-1
1602993,	1833.4597930908203,	-14.5,	-11.0,	-20.2,	-15
1612125,	1843.4232230186462,	-20.5,	-20.0,	-19.7,	-11
1623615,	1853.8911242485046,	-16.0,	-11.0,	-18.9,	-13
1635859,	1867.4143416881561,	-19.0,	-19.0,	-18.8,	-1
1647483,	1879.8990423679352,	-21.0,	-21.0,	-19.7,	-14
1658224,	1892.571079492569,	-17.5,	-14.0,	-20.5,	-19
1671159,	1906.5008654594421,	-20.0,	-20.0,	-19.4,	-11
1683145,	1923.348023891449,	-21.0,	-21.0,	-19.6,	-14
1693523,	1936.9609372615814,	-21.0,	-21.0,	-20.7,	-20
1706252,	1950.514543056488,	-11.0,	-10.0,	-18.7,	-11
1718127,	1963.2717673778534,	-14.0,	-14.0,	-17.6,	-2
1732029,	1975.2340633869171,	-21.0,	-21.0,	-18.0,	-11
1747946,	1993.9641654491425,	-20.0,	-20.0,	-17.8,	-11
1761607,	2007.5979707241058,	-17.5,	-15.0,	-17.6,	-11
1773348,	2017.7522385120392,	-20.0,	-20.0,	-19.1,	-13
1788884,	2034.1026532649994,	-17.5,	-14.0,	-16.8,	-3
1801761,	2049.985165119171,	-10.0,	-1.0,	-17.1,	-1
1813788,	2060.9760975837708,	-21.0,	-21.0,	-18.3,	-11
1826780,	2076.15983915329,	-17.5,	-15.0,	-16.9,	-1
1841265,	2091.4168088436127,	-17.5,	-14.0,	-17.0,	-4
1852884,	2107.6138246059418,	-8.0,	-1.0,	-19.6,	-11
1862525,	2118.6243419647217,	-15.5,	-14.0,	-20.0,	-15
1875360,	2129.7541856765747,	-21.0,	-21.0,	-18.5,	-13
1887765,	2145.372868537903,	-16.0,	-11.0,	-17.7,	-1
1901117,	2160.157545566559,	-21.0,	-21.0,	-17.7,	-10
1916679,	2177.0106201171875,	-10.0,	-5.0,	-14.6,	-2
1927382,	2190.7330660820007,	-10.5,	-1.0,	-18.8,	-8
1938126,	2201.8327786922455,	-20.0,	-20.0,	-19.6,	-15
1948938,	2213.031887292862,	-20.5,	-20.0,	-19.2,	-11
1960611,	2224.174798965454,	-19.0,	-19.0,	-18.7,	-14
1973833,	2240.1074221134186,	-20.0,	-20.0,	-17.0,	-1
1984530,	2250.9171538352966,	-15.0,	-15.0,	-18.8,	-14
1998034,	2264.0335524082184,	-20.0,	-20.0,	-16.8,	-2
2008718,	2275.8182241916656,	-14.0,	-14.0,	-20.1,	-19
2020954,	2288.167935848236,	-17.5,	-15.0,	-19.1,	-13
2033824,	2302.9992439746857,	-19.0,	-19.0,	-16.6,	-1
2045596,	2315.8016176223755,	-17.5,	-14.0,	-17.6,	-11
2055842,	2328.9270462989807,	-17.0,	-14.0,	-20.0,	-18
2065970,	2338.1972596645355,	-20.0,	-19.0,	-18.9,	-10
2077032,	2350.145627975464,	-17.0,	-17.0,	-19.0,	-12
2087469,	2362.1506567001343,	-15.0,	-11.0,	-18.3,	-5
2100577,	2378.082813501358,	-20.0,	-20.0,	-20.4,	-16
2111221,	2388.4750747680664,	-17.0,	-13.0,	-18.8,	-12
2122253,	2400.8735814094543,	-19.5,	-18.0,	-19.1,	-13
2131045,	2409.5145518779755,	-21.0,	-21.0,	-20.2,	-15
2141409,	2420.8968935012817,	-21.0,	-21.0,	-19.7,	-11
2152561,	2431.729008436203,	-21.0,	-21.0,	-19.4,	-16
2163106,	2447.602903366089,	-20.5,	-20.0,	-19.9,	-11
2173322,	2458.0831146240234,	-20.0,	-20.0,	-19.9,	-13
2183937,	2470.5653550624847,	-17.5,	-15.0,	-18.3,	-8
2193968,	2482.341150045395,	-17.0,	-17.0,	-20.1,	-16
2203739,	2491.968277692795,	-20.5,	-20.0,	-19.4,	-13
2214663,	2502.830085992813,	-20.5,	-20.0,	-20.1,	-15
2225205,	2516.7554161548615,	-21.0,	-21.0,	-19.3,	-14
2236859,	2528.5530676841736,	-16.0,	-12.0,	-17.9,	-8
2247379,	2539.414586544037,	-18.5,	-18.0,	-19.6,	-14
2257571,	2550.4794750213623,	-20.0,	-19.0,	-20.7,	-19
2268627,	2564.2099483013153,	-21.0,	-21.0,	-18.1,	-9
2279064,	2574.0761840343475,	-20.5,	-20.0,	-20.4,	-17
2289595,	2585.1780486106873,	-21.0,	-21.0,	-20.6,	-20
2299298,	2595.563696861267,	-21.0,	-21.0,	-19.0,	-8
2309138,	2605.2023158073425,	-21.0,	-21.0,	-20.0,	-12
2318217,	2613.6837496757507,	-21.0,	-21.0,	-20.2,	-18
2328406,	2625.7349121570587,	-20.0,	-19.0,	-19.3,	-15
2337275,	2634.6261847019196,	-18.0,	-17.0,	-20.5,	-19
2346996,	2645.674255132675,	-16.5,	-12.0,	-19.9,	-15
2356930,	2655.760945558548,	-15.5,	-10.0,	-19.1,	-14
2367395,	2665.6403245925903,	-18.5,	-17.0,	-19.9,	-19
2378600,	2676.1928474903107,	-21.0,	-21.0,	-19.5,	-15
2388774,	2685.649576187134,	-21.0,	-21.0,	-20.2,	-18
2398917,	2695.5898246765137,	-19.0,	-18.0,	-19.5,	-15
2409917,	2707.662572145462,	-19.0,	-17.0,	-18.1,	-11
2422028,	2723.9464840888977,	-12.0,	-12.0,	-18.0,	-8
2432689,	2735.6884672641754,	-18.0,	-15.0,	-19.6,	-14
2441011,	2743.70458817482,	-21.0,	-21.0,	-20.7,	-19
2450142,	2754.8514688014984,	-15.0,	-11.0,	-19.6,	-11
2459046,	2763.361089706421,	-19.5,	-19.0,	-20.3,	-18
2468054,	2772.2527029514313,	-19.5,	-19.0,	-19.9,	-16
2479405,	2783.0603516101837,	-20.5,	-20.0,	-17.7,	-8
2492421,	2797.9879553318024,	-20.0,	-19.0,	-20.4,	-19
2500959,	2808.256548166275,	-21.0,	-21.0,	-20.4,	-19
2511718,	2818.494786977768,	-20.5,	-20.0,	-19.1,	-11
2524089,	2830.4339237213135,	-21.0,	-21.0,	-17.8,	-9
2536636,	2845.094987630844,	-21.0,	-21.0,	-17.0,	-2
2548662,	2858.4782638549805,	-21.0,	-21.0,	-17.2,	1
2558324,	2868.368671655655,	-21.0,	-21.0,	-19.2,	-11
2566878,	2879.130362033844,	-14.5,	-8.0,	-20.5,	-20
2577007,	2890.1967453956604,	-20.0,	-20.0,	-20.4,	-18
2589295,	2903.0776751041412,	-12.5,	-4.0,	-17.8,	-1
2598856,	2913.2347831726074,	-21.0,	-21.0,	-19.7,	-13
2607957,	2922.4388632774353,	-20.0,	-20.0,	-19.8,	-17
2619273,	2935.3828930854797,	-21.0,	-21.0,	-17.5,	-2
2631466,	2951.311951160431,	-12.0,	-3.0,	-16.6,	-1
2642722,	2963.7126326560974,	-19.0,	-17.0,	-19.9,	-16
2656184,	2979.618855237961,	-13.0,	-5.0,	-17.3,	-1
2669393,	2994.4174921512604,	-14.0,	-11.0,	-17.7,	-2
2683990,	3011.3637793064117,	-19.0,	-17.0,	-17.5,	-6
2694667,	3023.3059480190277,	-19.5,	-18.0,	-18.5,	-2
2705452,	3035.34672832489,	-20.0,	-19.0,	-19.1,	-14
2714110,	3048.259316921234,	-12.0,	-12.0,	-20.2,	-14
2723895,	3057.5496532917023,	-17.5,	-16.0,	-19.6,	-14
2735672,	3069.4491126537323,	-16.5,	-13.0,	-17.0,	-8
2746559,	3082.152346134186,	-13.0,	-5.0,	-18.9,	-14
2758901,	3094.7061915397644,	-13.5,	-6.0,	-19.8,	-15
2771230,	3111.2224674224854,	-5.0,	-1.0,	-16.9,	-1
2781365,	3126.29155087471,	-9.0,	-9.0,	-19.6,	-15
2795091,	3144.4762275218964,	-13.5,	-6.0,	-17.7,	-2
2807855,	3160.6865718364716,	-21.0,	-21.0,	-16.8,	-1
2819576,	3174.639647960663,	-20.5,	-20.0,	-19.1,	-11
2830847,	3192.889498949051,	-6.5,	-1.0,	-18.8,	-14
2841068,	3203.2184545993805,	-17.0,	-15.0,	-20.0,	-18
2853922,	3216.5488600730896,	-17.5,	-16.0,	-17.4,	-11
2865824,	3228.7621512413025,	-19.0,	-18.0,	-17.6,	-11
2876962,	3241.5677983760834,	-20.0,	-19.0,	-18.9,	-13
2887820,	3252.139011144638,	-20.0,	-19.0,	-19.1,	-13
2898086,	3261.355568885803,	-21.0,	-21.0,	-18.9,	-14
2912488,	3277.256936073303,	-17.5,	-15.0,	-14.7,	-1
2922843,	3286.228791952133,	-20.5,	-20.0,	-18.4,	-14
2940462,	3303.7339205741882,	-10.5,	-1.0,	-12.7,	-1
2953840,	3318.1934509277344,	-12.0,	-10.0,	-16.4,	-1
2967545,	3332.2386202812195,	-16.5,	-14.0,	-17.1,	-7
2982413,	3348.6908259391785,	-5.5,	-3.0,	-13.9,	1
2996562,	3362.95512509346,	-12.0,	-12.0,	-16.6,	-1
3009813,	3375.8313879966736,	-14.0,	-11.0,	-15.6,	10
3021531,	3388.5919189453125,	-15.5,	-11.0,	-19.1,	-14
3032674,	3401.273035287857,	-15.0,	-15.0,	-20.0,	-18
3043891,	3412.5663969516754,	-16.0,	-15.0,	-19.0,	-11
3056110,	3425.507375717163,	-19.5,	-18.0,	-18.0,	-11
3069913,	3441.5858981609344,	-6.5,	-2.0,	-17.0,	-1
3080829,	3454.3440001010895,	-11.0,	-11.0,	-18.3,	-11
3092179,	3464.9474589824677,	-20.5,	-20.0,	-18.8,	-12
3103579,	3475.567831993103,	-20.5,	-20.0,	-19.1,	-14
3115471,	3487.3802058696747,	-21.0,	-21.0,	-16.4,	-1
3127097,	3498.91317987442,	-17.5,	-15.0,	-18.2,	-11
3139052,	3511.354476213455,	-20.0,	-20.0,	-19.4,	-13
3148758,	3522.2690963745117,	-17.5,	-15.0,	-19.6,	-11
3160114,	3532.9632744789124,	-20.5,	-20.0,	-18.2,	-11
3172922,	3546.4820053577423,	-17.5,	-14.0,	-16.9,	-11
3185186,	3558.6219823360443,	-14.0,	-14.0,	-17.4,	-11
3202326,	3573.7455065250397,	-15.0,	-9.0,	-12.2,	-1
3215903,	3592.5637407302856,	-10.5,	-1.0,	-17.9,	-4
3227234,	3604.420316696167,	-14.5,	-8.0,	-18.8,	-11
3240875,	3621.291069984436,	-1.0,	-1.0,	-14.4,	7
3254744,	3634.339506149292,	-21.0,	-21.0,	-16.3,	-11
3271510,	3649.244115591049,	-15.0,	-10.0,	-12.4,	-1
3285016,	3661.4373717308044,	-19.0,	-19.0,	-15.6,	-1
3299191,	3675.791918039322,	-16.0,	-12.0,	-15.9,	-1
3312996,	3691.968483686447,	-6.5,	-2.0,	-15.7,	-1
3326124,	3703.3812873363495,	-21.0,	-21.0,	-17.1,	-11
3338494,	3716.3519632816315,	-15.0,	-11.0,	-17.3,	-1
3354298,	3730.179934978485,	-15.5,	-11.0,	-14.2,	-1
3365815,	3742.1429755687714,	-15.5,	-11.0,	-18.7,	-13
3378416,	3756.056911945343,	-15.5,	-11.0,	-17.6,	-11
3395197,	3773.7572672367096,	-15.5,	-11.0,	-13.6,	-3
3406595,	3790.328592777252,	-6.0,	-1.0,	-18.8,	-6
3419764,	3806.231712579727,	-10.5,	-1.0,	-15.2,	-1
3428992,	3817.988184452057,	-15.5,	-11.0,	-20.5,	-19
3445176,	3834.755362510681,	-20.0,	-19.0,	-16.2,	-9
3457524,	3851.501872777939,	-6.0,	-1.0,	-18.5,	-3
3471921,	3867.382489681244,	-21.0,	-21.0,	-16.3,	-1
3486543,	3884.123749732971,	-11.0,	-11.0,	-17.6,	-11
3503523,	3899.094813346863,	-7.5,	-2.0,	-17.2,	-4
3517729,	3912.4754650592804,	-15.0,	-10.0,	-17.3,	-4
3535965,	3932.7021934986115,	-20.0,	-20.0,	-16.0,	-6
3547023,	3944.622904777527,	-15.5,	-10.0,	-19.9,	-14
3559797,	3963.0574152469635,	-11.0,	-11.0,	-17.4,	-3
3574079,	3980.188817024231,	-10.5,	-1.0,	-16.3,	-5
3586410,	3993.5803577899933,	-16.5,	-13.0,	-19.2,	-8
3601772,	4010.940078020096,	-16.0,	-11.0,	-12.5,	7
3613844,	4024.9335963726044,	-20.0,	-20.0,	-18.1,	-11
3625323,	4037.1897213459015,	-19.0,	-18.0,	-18.2,	-11
3639299,	4051.4719729423523,	-18.0,	-16.0,	-16.4,	-1
3651138,	4062.4233481884003,	-19.5,	-19.0,	-17.4,	-8
3662252,	4072.527738571167,	-20.0,	-19.0,	-17.6,	-10
3674121,	4084.2942011356354,	-20.0,	-19.0,	-18.0,	-13
3684810,	4094.6690995693207,	-17.5,	-14.0,	-18.8,	-10
3697331,	4107.854974031448,	-15.5,	-13.0,	-18.4,	-1
3708826,	4119.310881614685,	-21.0,	-21.0,	-19.6,	-15
3720934,	4131.410392522812,	-20.0,	-20.0,	-17.7,	-7
3733554,	4146.710888624191,	-18.0,	-15.0,	-19.4,	-14
3743769,	4156.019444465637,	-21.0,	-21.0,	-20.7,	-19
3755007,	4166.299428701401,	-18.5,	-18.0,	-19.0,	-14
3765287,	4178.471572399139,	-17.5,	-14.0,	-19.2,	-8
3774726,	4186.8334765434265,	-21.0,	-21.0,	-20.5,	-19
3788639,	4200.801626443863,	-21.0,	-21.0,	-18.0,	-1
3800819,	4216.427209615707,	-20.5,	-20.0,	-17.4,	-1
3812390,	4227.823176860809,	-21.0,	-21.0,	-18.2,	-9
3821704,	4241.937144517899,	-10.5,	-3.0,	-19.8,	-15
3834090,	4255.175224304199,	-20.5,	-20.0,	-17.2,	-1
3844220,	4265.0427069664,	-20.0,	-20.0,	-20.0,	-17
3860338,	4282.23591709137,	-17.5,	-15.0,	-16.5,	-1
3875013,	4299.936002492905,	-20.5,	-20.0,	-16.0,	-1
3886160,	4310.053862810135,	-20.0,	-19.0,	-19.5,	-15
3899310,	4323.572336435318,	-19.0,	-19.0,	-16.5,	-4
3910951,	4334.875817060471,	-21.0,	-21.0,	-20.1,	-14
3922154,	4346.164290904999,	-14.0,	-14.0,	-18.8,	-13
3933213,	4358.411237716675,	-19.0,	-19.0,	-20.6,	-19
3944143,	4369.384231090546,	-20.5,	-20.0,	-19.0,	-14
3954331,	4379.26114153862,	-16.5,	-12.0,	-19.8,	-18
3964000,	4388.205361843109,	-19.0,	-19.0,	-19.0,	-14
3976274,	4402.215457439423,	-18.5,	-18.0,	-17.8,	-3
3987307,	4414.458365678787,	-20.0,	-19.0,	-18.5,	-5
3998796,	4428.845196485519,	-13.0,	-13.0,	-18.6,	-11
4012477,	4443.305847167969,	-15.0,	-15.0,	-18.1,	-4
4023966,	4456.103680372238,	-21.0,	-21.0,	-17.2,	-1
4038626,	4470.937128067017,	-20.0,	-20.0,	-16.8,	-2
4049754,	4483.0879118442535,	-20.5,	-20.0,	-19.9,	-14
4062609,	4495.127167701721,	-15.5,	-11.0,	-18.5,	-14
4076469,	4511.625205993652,	-21.0,	-21.0,	-16.4,	-1
4089487,	4522.766746520996,	-20.0,	-20.0,	-18.5,	-12
4099473,	4532.508481264114,	-16.0,	-11.0,	-19.2,	-17
4111222,	4543.938066482544,	-16.0,	-11.0,	-19.1,	-15
4123166,	4559.215193033218,	-21.0,	-21.0,	-18.1,	-1
4133850,	4569.563490629196,	-16.5,	-15.0,	-19.0,	-8
4145279,	4583.061117649078,	-14.0,	-11.0,	-17.5,	-1
4155725,	4594.254912137985,	-14.5,	-13.0,	-20.4,	-19
4168597,	4608.249449968338,	-20.5,	-20.0,	-16.3,	1
4179686,	4618.813181400299,	-20.5,	-20.0,	-20.2,	-18
4189393,	4627.994717121124,	-20.0,	-20.0,	-19.5,	-14
4200691,	4640.124512195587,	-21.0,	-21.0,	-18.5,	-7
4212518,	4651.419574975967,	-16.5,	-13.0,	-17.7,	-9
4222545,	4661.712884187698,	-15.0,	-11.0,	-18.5,	-14
4231423,	4670.275558710098,	-20.5,	-20.0,	-20.6,	-19
4240304,	4678.664038896561,	-20.5,	-20.0,	-20.4,	-19
4250322,	4688.363552093506,	-21.0,	-21.0,	-19.9,	-18
4259097,	4697.8244643211365,	-21.0,	-21.0,	-19.8,	-14
4268347,	4706.8770751953125,	-20.0,	-20.0,	-20.6,	-19
4278706,	4716.68944978714,	-21.0,	-21.0,	-19.2,	-12
4287609,	4726.00977063179,	-20.5,	-20.0,	-20.8,	-20
4295866,	4734.010063409805,	-21.0,	-21.0,	-20.5,	-17
4305494,	4744.0980489254,	-17.0,	-15.0,	-20.4,	-19
4315059,	4754.409640073776,	-20.0,	-19.0,	-20.5,	-20
4325898,	4768.394109725952,	-21.0,	-21.0,	-18.6,	-2
4334926,	4777.082045078278,	-21.0,	-21.0,	-19.7,	-16
4344435,	4790.590971469879,	-20.5,	-20.0,	-19.3,	-13
4353643,	4808.354156494141,	-17.0,	-14.0,	-19.8,	-15
4363175,	4819.408579826355,	-19.5,	-19.0,	-20.4,	-19
4376187,	4831.723393440247,	-20.5,	-20.0,	-16.3,	-11
4387346,	4845.537661790848,	-20.5,	-20.0,	-20.1,	-19
4402038,	4863.498390674591,	-20.0,	-19.0,	-18.5,	-13
4412221,	4875.139902830124,	-19.0,	-17.0,	-18.9,	-10
4420546,	4882.314813613892,	-21.0,	-21.0,	-20.4,	-19
4430123,	4890.880610466003,	-18.5,	-17.0,	-19.6,	-16
4438680,	4901.951361656189,	-15.0,	-14.0,	-20.2,	-19
4449763,	4912.927988529205,	-16.5,	-13.0,	-17.9,	-7
4458170,	4920.875868320465,	-20.0,	-20.0,	-20.3,	-19
4469017,	4933.9280569553375,	-20.0,	-20.0,	-18.3,	-10
4479976,	4943.79000544548,	-19.5,	-19.0,	-17.9,	-13
4493205,	4957.634191274643,	-10.0,	-10.0,	-15.0,	-1
4504951,	4969.491846323013,	-20.0,	-19.0,	-16.7,	-11
4519356,	4984.299789905548,	-15.0,	-11.0,	-14.3,	1
4534179,	4999.955268383026,	-21.0,	-21.0,	-12.8,	-1
4545520,	5011.485419750214,	-15.0,	-14.0,	-17.2,	-1
4558951,	5024.574982881546,	-12.5,	-6.0,	-14.9,	-2
4569343,	5034.411018848419,	-15.5,	-11.0,	-18.0,	-10
4580401,	5046.6029753685,	-11.5,	-2.0,	-18.5,	-11
4592194,	5058.233655929565,	-19.5,	-19.0,	-16.2,	-1
4605519,	5070.290618419647,	-19.0,	-19.0,	-16.5,	-8
4619000,	5083.808038711548,	-20.0,	-20.0,	-15.2,	-1
4629780,	5095.955000400543,	-13.5,	-11.0,	-17.8,	-10
4641646,	5108.903580665588,	-11.0,	-11.0,	-17.0,	-10
4652108,	5119.020712852478,	-14.5,	-11.0,	-18.2,	-11
4661758,	5128.17920422554,	-20.0,	-20.0,	-19.4,	-14
4674513,	5141.319284439087,	-15.0,	-11.0,	-15.9,	-10
4690087,	5154.7971930503845,	-15.5,	-11.0,	-13.2,	-2
4705586,	5173.042922973633,	-1.0,	-1.0,	-13.4,	-1
4721001,	5187.462178468704,	-14.0,	-8.0,	-13.8,	-2
4736331,	5204.467439413071,	-9.0,	-9.0,	-13.1,	1
4748226,	5220.1696882247925,	-7.0,	-3.0,	-16.4,	-1
4761301,	5232.928226470947,	-15.5,	-11.0,	-15.2,	-1
4777694,	5251.359728813171,	-20.5,	-20.0,	-15.6,	-1
4792288,	5265.074167251587,	-21.0,	-21.0,	-15.8,	-7
4801196,	5275.325453281403,	-16.0,	-12.0,	-20.2,	-20
4814118,	5289.052098274231,	-11.0,	-11.0,	-17.4,	-1
4825899,	5302.575178861618,	-15.5,	-11.0,	-18.6,	-8
4840611,	5321.5218460559845,	-16.0,	-15.0,	-16.6,	-5
4854799,	5336.121123552322,	-13.0,	-7.0,	-16.9,	-3
4867459,	5347.906130552292,	-17.0,	-14.0,	-18.8,	-14
4881239,	5364.032136440277,	-19.0,	-19.0,	-16.1,	-11
4893578,	5377.380460262299,	-20.5,	-20.0,	-17.5,	-8
4904867,	5391.360879182816,	-13.5,	-7.0,	-18.5,	-11
4919402,	5405.898128032684,	-19.5,	-19.0,	-16.1,	-1
4930512,	5420.113976240158,	-9.5,	-8.0,	-18.1,	-10
4940726,	5433.035238981247,	-19.0,	-19.0,	-18.6,	-3
4949984,	5445.228759288788,	-12.0,	-11.0,	-19.6,	-16
4962396,	5459.347553730011,	-15.5,	-11.0,	-17.4,	-2
4974434,	5472.378419160843,	-14.0,	-7.0,	-18.0,	-7
5007670,	5550.7435002326965,	-15.0,	-11.0,	-17.7,	0
5019680,	5569.266025543213,	-7.0,	-7.0,	-18.0,	-7
5032704,	5587.4860944747925,	-20.0,	-20.0,	-16.9,	9
5042717,	5598.339107513428,	-20.0,	-19.0,	-20.0,	-18
5052269,	5606.769795894623,	-20.0,	-19.0,	-19.2,	-14
5060916,	5614.680900812149,	-19.5,	-19.0,	-20.2,	-19
5072781,	5628.118696451187,	-20.0,	-20.0,	-18.0,	-8
5085208,	5642.5509350299835,	-15.5,	-11.0,	-17.6,	-1
5099401,	5657.004216909409,	-19.0,	-17.0,	-16.9,	-1
5113581,	5672.412908315659,	-20.0,	-20.0,	-15.4,	-1
5128739,	5688.970010280609,	-19.5,	-19.0,	-18.3,	-1
5143873,	5703.1394119262695,	-20.5,	-20.0,	-17.8,	-1
5154138,	5716.004902839661,	-14.0,	-7.0,	-20.3,	-19
5167280,	5729.728986501694,	-20.5,	-20.0,	-18.6,	-1
5180277,	5744.088324546814,	-20.0,	-19.0,	-20.2,	-19
5196001,	5759.274463176727,	-11.0,	-1.0,	-15.5,	-1
5209842,	5774.928991794586,	-20.5,	-20.0,	-16.7,	-1
5225013,	5791.177807331085,	-21.0,	-21.0,	-15.8,	-1
5244116,	5812.654170036316,	-5.5,	10.0,	-17.7,	10
5263112,	5834.332066297531,	-6.0,	9.0,	-11.9,	1
