0.00999998
0.00999995
0.00999993
0.00999991
0.00999988
0.00999986
0.00999984
0.00999981
0.00999979
0.00999976
0.00999974
0.00999972
0.00999969
0.00999967
0.00999965
0.00999962
0.0099996
0.00999958
0.00999955
0.00999953
0.00999951
0.00999948
0.00999946
0.00999944
0.00999941
0.00999939
0.00999936
0.00999934
0.00999932
0.00999929
0.00999927
0.00999925
0.00999922
0.0099992
0.00999918
0.00999915
0.00999913
0.00999911
0.00999908
0.00999906
0.00999904
0.00999901
0.00999899
0.00999897
0.00999894
0.00999892
0.00999889
0.00999887
0.00999885
0.00999882
0.0099988
0.00999878
0.00999875
0.00999873
0.00999871
0.00999868
0.00999866
0.00999864
0.00999861
0.00999859
0.00999857
0.00999854
0.00999852
0.00999849
0.00999847
0.00999845
0.00999842
0.0099984
0.00999838
0.00999835
0.00999833
0.00999831
0.00999828
0.00999826
0.00999824
0.00999821
0.00999819
0.00999817
0.00999814
0.00999812
0.0099981
0.00999807
0.00999805
0.00999802
0.009998
0.00999798
0.00999795
0.00999793
0.00999791
0.00999788
0.00999786
0.00999784
0.00999781
0.00999779
0.00999777
0.00999774
0.00999772
0.0099977
0.00999767
0.00999765
0.00999763
0.0099976
0.00999758
0.00999755
0.00999753
0.00999751
0.00999748
0.00999746
0.00999744
0.00999741
0.00999739
0.00999737
0.00999734
0.00999732
0.0099973
0.00999727
0.00999725
0.00999723
0.0099972
0.00999718
0.00999716
0.00999713
0.00999711
0.00999708
0.00999706
0.00999704
0.00999701
0.00999699
0.00999697
0.00999694
0.00999692
0.0099969
0.00999687
0.00999685
0.00999683
0.0099968
0.00999678
0.00999676
0.00999673
0.00999671
0.00999669
0.00999666
0.00999664
0.00999662
0.00999659
0.00999657
0.00999654
0.00999652
0.0099965
0.00999647
0.00999645
0.00999643
0.0099964
0.00999638
0.00999636
0.00999633
0.00999631
0.00999629
0.00999626
0.00999624
0.00999622
0.00999619
0.00999617
0.00999615
0.00999612
0.0099961
0.00999607
0.00999605
0.00999603
0.009996
0.00999598
0.00999596
0.00999593
0.00999591
0.00999589
0.00999586
0.00999584
0.00999582
0.00999579
0.00999577
0.00999575
0.00999572
0.0099957
0.00999568
0.00999565
0.00999563
0.00999561
0.00999558
0.00999556
0.00999554
0.00999551
0.00999549
0.00999546
0.00999544
0.00999542
0.00999539
0.00999537
0.00999535
0.00999532
0.0099953
0.00999528
0.00999525
0.00999523
0.00999521
0.00999518
0.00999516
0.00999514
0.00999511
0.00999509
0.00999507
0.00999504
0.00999502
0.009995
0.00999497
0.00999495
0.00999492
0.0099949
0.00999488
0.00999485
0.00999483
0.00999481
0.00999478
0.00999476
0.00999474
0.00999471
0.00999469
0.00999467
0.00999464
0.00999462
0.0099946
0.00999457
0.00999455
0.00999453
0.0099945
0.00999448
0.00999446
0.00999443
0.00999441
0.00999439
0.00999436
0.00999434
0.00999431
0.00999429
0.00999427
0.00999424
0.00999422
0.0099942
0.00999417
0.00999415
0.00999413
0.0099941
0.00999408
0.00999406
0.00999403
0.00999401
0.00999399
0.00999396
0.00999394
0.00999392
0.00999389
0.00999387
0.00999385
0.00999382
0.0099938
0.00999378
0.00999375
0.00999373
0.0099937
0.00999368
0.00999366
0.00999363
0.00999361
0.00999359
0.00999356
0.00999354
0.00999352
0.00999349
0.00999347
0.00999345
0.00999342
0.0099934
0.00999338
0.00999335
0.00999333
0.00999331
0.00999328
0.00999326
0.00999324
0.00999321
0.00999319
0.00999317
0.00999314
0.00999312
0.0099931
0.00999307
0.00999305
0.00999302
0.009993
0.00999298
0.00999295
0.00999293
0.00999291
0.00999288
0.00999286
0.00999284
0.00999281
0.00999279
0.00999277
0.00999274
0.00999272
0.0099927
0.00999267
0.00999265
0.00999263
0.0099926
0.00999258
0.00999256
0.00999253
0.00999251
0.00999249
0.00999246
0.00999244
0.00999242
0.00999239
0.00999237
0.00999235
0.00999232
0.0099923
0.00999227
0.00999225
0.00999223
0.0099922
0.00999218
0.00999216
0.00999213
0.00999211
0.00999209
0.00999206
0.00999204
0.00999202
0.00999199
0.00999197
0.00999195
0.00999192
0.0099919
0.00999188
0.00999185
0.00999183
0.00999181
0.00999178
0.00999176
0.00999174
0.00999171
0.00999169
0.00999167
0.00999164
0.00999162
0.0099916
0.00999157
0.00999155
0.00999153
0.0099915
0.00999148
0.00999145
0.00999143
0.00999141
0.00999138
0.00999136
0.00999134
0.00999131
0.00999129
0.00999127
0.00999124
0.00999122
0.0099912
0.00999117
0.00999115
0.00999113
0.0099911
0.00999108
0.00999106
0.00999103
0.00999101
0.00999099
0.00999096
0.00999094
0.00999092
0.00999089
0.00999087
0.00999085
0.00999082
0.0099908
0.00999078
0.00999075
0.00999073
0.00999071
0.00999068
0.00999066
0.00999064
0.00999061
0.00999059
0.00999056
0.00999054
0.00999052
0.00999049
0.00999047
0.00999045
0.00999042
0.0099904
0.00999038
0.00999035
0.00999033
0.00999031
0.00999028
0.00999026
0.00999024
0.00999021
0.00999019
0.00999017
0.00999014
0.00999012
0.0099901
0.00999007
0.00999005
0.00999003
0.00999
0.00998998
0.00998996
0.00998993
0.00998991
0.00998989
0.00998986
0.00998984
0.00998982
0.00998979
0.00998977
0.00998975
0.00998972
0.0099897
0.00998968
0.00998965
0.00998963
0.00998961
0.00998958
0.00998956
0.00998953
0.00998951
0.00998949
0.00998946
0.00998944
0.00998942
0.00998939
0.00998937
0.00998935
0.00998932
0.0099893
0.00998928
0.00998925
0.00998923
0.00998921
0.00998918
0.00998916
0.00998914
0.00998911
0.00998909
0.00998907
0.00998904
0.00998902
0.009989
0.00998897
0.00998895
0.00998893
0.0099889
0.00998888
0.00998886
0.00998883
0.00998881
0.00998879
0.00998876
0.00998874
0.00998872
0.00998869
0.00998867
0.00998865
0.00998862
0.0099886
0.00998858
0.00998855
0.00998853
0.00998851
0.00998848
0.00998846
0.00998844
0.00998841
0.00998839
0.00998837
0.00998834
0.00998832
0.00998829
0.00998827
0.00998825
0.00998822
0.0099882
0.00998818
0.00998815
0.00998813
0.00998811
0.00998808
0.00998806
0.00998804
0.00998801
0.00998799
0.00998797
0.00998794
0.00998792
0.0099879
0.00998787
0.00998785
0.00998783
0.0099878
0.00998778
0.00998776
0.00998773
0.00998771
0.00998769
0.00998766
0.00998764
0.00998762
0.00998759
0.00998757
0.00998755
0.00998752
0.0099875
0.00998748
0.00998745
0.00998743
0.00998741
0.00998738
0.00998736
0.00998734
0.00998731
0.00998729
0.00998727
0.00998724
0.00998722
0.0099872
0.00998717
0.00998715
0.00998713
0.0099871
0.00998708
0.00998706
0.00998703
0.00998701
0.00998699
0.00998696
0.00998694
0.00998692
0.00998689
0.00998687
0.00998685
0.00998682
0.0099868
0.00998678
0.00998675
0.00998673
0.00998671
0.00998668
0.00998666
0.00998663
0.00998661
0.00998659
0.00998656
0.00998654
0.00998652
0.00998649
0.00998647
0.00998645
0.00998642
0.0099864
0.00998638
0.00998635
0.00998633
0.00998631
0.00998628
0.00998626
0.00998624
0.00998621
0.00998619
0.00998617
0.00998614
0.00998612
0.0099861
0.00998607
0.00998605
0.00998603
0.009986
0.00998598
0.00998596
0.00998593
0.00998591
0.00998589
0.00998586
0.00998584
0.00998582
0.00998579
0.00998577
0.00998575
0.00998572
0.0099857
0.00998568
0.00998565
0.00998563
0.00998561
0.00998558
0.00998556
0.00998554
0.00998551
0.00998549
0.00998547
0.00998544
0.00998542
0.0099854
0.00998537
0.00998535
0.00998533
0.0099853
0.00998528
0.00998526
0.00998523
0.00998521
0.00998519
0.00998516
0.00998514
0.00998512
0.00998509
0.00998507
0.00998505
0.00998502
0.009985
0.00998498
0.00998495
0.00998493
0.00998491
0.00998488
0.00998486
0.00998484
0.00998481
0.00998479
0.00998477
0.00998474
0.00998472
0.0099847
0.00998467
0.00998465
0.00998463
0.0099846
0.00998458
0.00998456
0.00998453
0.00998451
0.00998449
0.00998446
0.00998444
0.00998442
0.00998439
0.00998437
0.00998435
0.00998432
0.0099843
0.00998428
0.00998425
0.00998423
0.00998421
0.00998418
0.00998416
0.00998414
0.00998411
0.00998409
0.00998407
0.00998404
0.00998402
0.009984
0.00998397
0.00998395
0.00998393
0.0099839
0.00998388
0.00998386
0.00998383
0.00998381
0.00998379
0.00998376
0.00998374
0.00998372
0.00998369
0.00998367
0.00998365
0.00998362
0.0099836
0.00998358
0.00998355
0.00998353
0.00998351
0.00998348
0.00998346
0.00998344
0.00998341
0.00998339
0.00998337
0.00998334
0.00998332
0.0099833
0.00998327
0.00998325
0.00998323
0.0099832
0.00998318
0.00998316
0.00998313
0.00998311
0.00998309
0.00998306
0.00998304
0.00998302
0.00998299
0.00998297
0.00998295
0.00998292
0.0099829
0.00998288
0.00998285
0.00998283
0.00998281
0.00998278
0.00998276
0.00998274
0.00998271
0.00998269
0.00998267
0.00998264
0.00998262
0.0099826
0.00998257
0.00998255
0.00998253
0.0099825
0.00998248
0.00998246
0.00998243
0.00998241
0.00998239
0.00998236
0.00998234
0.00998232
0.00998229
0.00998227
0.00998225
0.00998222
0.0099822
0.00998218
0.00998215
0.00998213
0.00998211
0.00998208
0.00998206
0.00998204
0.00998201
0.00998199
0.00998197
0.00998194
0.00998192
0.0099819
0.00998187
0.00998185
0.00998183
0.0099818
0.00998178
0.00998176
0.00998173
0.00998171
0.00998169
0.00998166
0.00998164
0.00998162
0.00998159
0.00998157
0.00998155
0.00998152
0.0099815
0.00998148
0.00998145
0.00998143
0.00998141
0.00998138
0.00998136
0.00998134
0.00998131
0.00998129
0.00998127
0.00998124
0.00998122
0.0099812
0.00998117
0.00998115
0.00998113
0.0099811
0.00998108
0.00998106
0.00998103
0.00998101
0.00998099
0.00998096
0.00998094
0.00998092
0.00998089
0.00998087
0.00998085
0.00998082
0.0099808
0.00998078
0.00998075
0.00998073
0.00998071
0.00998068
0.00998066
0.00998064
0.00998061
0.00998059
0.00998057
0.00998055
0.00998052
0.0099805
0.00998048
0.00998045
0.00998043
0.00998041
0.00998038
0.00998036
0.00998034
0.00998031
0.00998029
0.00998027
0.00998024
0.00998022
0.0099802
0.00998017
0.00998015
0.00998013
0.0099801
0.00998008
0.00998006
0.00998003
0.00998001
0.00997999
0.00997996
0.00997994
0.00997992
0.00997989
0.00997987
0.00997985
0.00997982
0.0099798
0.00997978
0.00997975
0.00997973
0.00997971
0.00997968
0.00997966
0.00997964
0.00997961
0.00997959
0.00997957
0.00997954
0.00997952
0.0099795
0.00997947
0.00997945
0.00997943
0.0099794
0.00997938
0.00997936
0.00997933
0.00997931
0.00997929
0.00997926
0.00997924
0.00997922
0.00997919
0.00997917
0.00997915
0.00997912
0.0099791
0.00997908
0.00997905
0.00997903
0.00997901
0.00997898
0.00997896
0.00997894
0.00997891
0.00997889
0.00997887
0.00997885
0.00997882
0.0099788
0.00997878
0.00997875
0.00997873
0.00997871
0.00997868
0.00997866
0.00997864
0.00997861
0.00997859
0.00997857
0.00997854
0.00997852
0.0099785
0.00997847
0.00997845
0.00997843
0.0099784
0.00997838
0.00997836
0.00997833
0.00997831
0.00997829
0.00997826
0.00997824
0.00997822
0.00997819
0.00997817
0.00997815
0.00997812
0.0099781
0.00997808
0.00997805
0.00997803
0.00997801
0.00997798
0.00997796
0.00997794
0.00997791
0.00997789
0.00997787
0.00997784
0.00997782
0.0099778
0.00997777
0.00997775
0.00997773
0.0099777
0.00997768
0.00997766
0.00997763
0.00997761
0.00997759
0.00997757
0.00997754
0.00997752
0.0099775
0.00997747
0.00997745
0.00997743
0.0099774
0.00997738
0.00997736
0.00997733
0.00997731
0.00997729
0.00997726
0.00997724
0.00997722
0.00997719
0.00997717
0.00997715
0.00997712
0.0099771
0.00997708
0.00997705
0.00997703
0.00997701
0.00997698
0.00997696
0.00997694
0.00997691
0.00997689
0.00997687
0.00997684
0.00997682
0.0099768
0.00997677
0.00997675
0.00997673
0.0099767
0.00997668
0.00997666
0.00997663
0.00997661
0.00997659
0.00997657
0.00997654
0.00997652
0.0099765
0.00997647
0.00997645
0.00997643
0.0099764
0.00997638
0.00997636
0.00997633
0.00997631
0.00997629
0.00997626
0.00997624
0.00997622
0.00997619
0.00997617
0.00997615
0.00997612
0.0099761
0.00997608
0.00997605
0.00997603
0.00997601
0.00997598
0.00997596
0.00997594
0.00997591
0.00997589
0.00997587
0.00997584
0.00997582
0.0099758
0.00997577
0.00997575
0.00997573
0.00997571
0.00997568
0.00997566
0.00997564
0.00997561
0.00997559
0.00997557
0.00997554
0.00997552
0.0099755
0.00997547
0.00997545
0.00997543
0.0099754
0.00997538
0.00997536
0.00997533
0.00997531
0.00997529
0.00997526
0.00997524
0.00997522
0.00997519
0.00997517
0.00997515
0.00997512
0.0099751
0.00997508
0.00997505
0.00997503
0.00997501
0.00997498
0.00997496
0.00997494
0.00997492
0.00997489
0.00997487
0.00997485
0.00997482
0.0099748
0.00997478
0.00997475
0.00997473
0.00997471
0.00997468
0.00997466
0.00997464
0.00997461
0.00997459
0.00997457
0.00997454
0.00997452
0.0099745
0.00997447
0.00997445
0.00997443
0.0099744
0.00997438
0.00997436
0.00997433
0.00997431
0.00997429
0.00997426
0.00997424
0.00997422
0.0099742
0.00997417
0.00997415
0.00997413
0.0099741
0.00997408
0.00997406
0.00997403
0.00997401
0.00997399
0.00997396
0.00997394
0.00997392
0.00997389
0.00997387
0.00997385
0.00997382
0.0099738
0.00997378
0.00997375
0.00997373
0.00997371
0.00997368
0.00997366
0.00997364
0.00997361
0.00997359
0.00997357
0.00997354
0.00997352
0.0099735
0.00997348
0.00997345
0.00997343
0.00997341
0.00997338
0.00997336
0.00997334
0.00997331
0.00997329
0.00997327
0.00997324
0.00997322
0.0099732
0.00997317
0.00997315
0.00997313
0.0099731
0.00997308
0.00997306
0.00997303
0.00997301
0.00997299
0.00997296
0.00997294
0.00997292
0.00997289
0.00997287
0.00997285
0.00997283
0.0099728
0.00997278
0.00997276
0.00997273
0.00997271
0.00997269
0.00997266
0.00997264
0.00997262
0.00997259
0.00997257
0.00997255
0.00997252
0.0099725
0.00997248
0.00997245
0.00997243
0.00997241
0.00997238
0.00997236
0.00997234
0.00997231
0.00997229
0.00997227
0.00997225
0.00997222
0.0099722
0.00997218
0.00997215
0.00997213
0.00997211
0.00997208
0.00997206
0.00997204
0.00997201
0.00997199
0.00997197
0.00997194
0.00997192
0.0099719
0.00997187
0.00997185
0.00997183
0.0099718
0.00997178
0.00997176
0.00997173
0.00997171
0.00997169
0.00997167
0.00997164
0.00997162
0.0099716
0.00997157
0.00997155
0.00997153
0.0099715
0.00997148
0.00997146
0.00997143
0.00997141
0.00997139
0.00997136
0.00997134
0.00997132
0.00997129
0.00997127
0.00997125
0.00997122
0.0099712
0.00997118
0.00997116
0.00997113
0.00997111
0.00997109
0.00997106
0.00997104
0.00997102
0.00997099
0.00997097
0.00997095
0.00997092
0.0099709
0.00997088
0.00997085
0.00997083
0.00997081
0.00997078
0.00997076
0.00997074
0.00997071
0.00997069
0.00997067
0.00997065
0.00997062
0.0099706
0.00997058
0.00997055
0.00997053
0.00997051
0.00997048
0.00997046
0.00997044
0.00997041
0.00997039
0.00997037
0.00997034
0.00997032
0.0099703
0.00997027
0.00997025
0.00997023
0.0099702
0.00997018
0.00997016
0.00997014
0.00997011
0.00997009
0.00997007
0.00997004
0.00997002
0.00997
0.00996997
0.00996995
0.00996993
0.0099699
0.00996988
0.00996986
0.00996983
0.00996981
0.00996979
0.00996976
0.00996974
0.00996972
0.00996969
0.00996967
0.00996965
0.00996963
0.0099696
0.00996958
0.00996956
0.00996953
0.00996951
0.00996949
0.00996946
0.00996944
0.00996942
0.00996939
0.00996937
0.00996935
0.00996932
0.0099693
0.00996928
0.00996925
0.00996923
0.00996921
0.00996919
0.00996916
0.00996914
0.00996912
0.00996909
0.00996907
0.00996905
0.00996902
0.009969
0.00996898
0.00996895
0.00996893
0.00996891
0.00996888
0.00996886
0.00996884
0.00996881
0.00996879
0.00996877
0.00996875
0.00996872
0.0099687
0.00996868
0.00996865
0.00996863
0.00996861
0.00996858
0.00996856
0.00996854
0.00996851
0.00996849
0.00996847
0.00996844
0.00996842
0.0099684
0.00996837
0.00996835
0.00996833
0.00996831
0.00996828
0.00996826
0.00996824
0.00996821
0.00996819
0.00996817
0.00996814
0.00996812
0.0099681
0.00996807
0.00996805
0.00996803
0.009968
0.00996798
0.00996796
0.00996793
0.00996791
0.00996789
0.00996787
0.00996784
0.00996782
0.0099678
0.00996777
0.00996775
0.00996773
0.0099677
0.00996768
0.00996766
0.00996763
0.00996761
0.00996759
0.00996756
0.00996754
0.00996752
0.0099675
0.00996747
0.00996745
0.00996743
0.0099674
0.00996738
0.00996736
0.00996733
0.00996731
0.00996729
0.00996726
0.00996724
0.00996722
0.00996719
0.00996717
0.00996715
0.00996712
0.0099671
0.00996708
0.00996706
0.00996703
0.00996701
0.00996699
0.00996696
0.00996694
0.00996692
0.00996689
0.00996687
0.00996685
0.00996682
0.0099668
0.00996678
0.00996675
0.00996673
0.00996671
0.00996669
0.00996666
0.00996664
0.00996662
0.00996659
0.00996657
0.00996655
0.00996652
0.0099665
0.00996648
0.00996645
0.00996643
0.00996641
0.00996638
0.00996636
0.00996634
0.00996632
0.00996629
0.00996627
0.00996625
0.00996622
0.0099662
0.00996618
0.00996615
0.00996613
0.00996611
0.00996608
0.00996606
0.00996604
0.00996601
0.00996599
0.00996597
0.00996594
0.00996592
0.0099659
0.00996588
0.00996585
0.00996583
0.00996581
0.00996578
0.00996576
0.00996574
0.00996571
0.00996569
0.00996567
0.00996564
0.00996562
0.0099656
0.00996558
0.00996555
0.00996553
0.00996551
0.00996548
0.00996546
0.00996544
0.00996541
0.00996539
0.00996537
0.00996534
0.00996532
0.0099653
0.00996527
0.00996525
0.00996523
0.00996521
0.00996518
0.00996516
0.00996514
0.00996511
0.00996509
0.00996507
0.00996504
0.00996502
0.009965
0.00996497
0.00996495
0.00996493
0.0099649
0.00996488
0.00996486
0.00996484
0.00996481
0.00996479
0.00996477
0.00996474
0.00996472
0.0099647
0.00996467
0.00996465
0.00996463
0.0099646
0.00996458
0.00996456
0.00996453
0.00996451
0.00996449
0.00996447
0.00996444
0.00996442
0.0099644
0.00996437
0.00996435
0.00996433
0.0099643
0.00996428
0.00996426
0.00996423
0.00996421
0.00996419
0.00996417
0.00996414
0.00996412
0.0099641
0.00996407
0.00996405
0.00996403
0.009964
0.00996398
0.00996396
0.00996393
0.00996391
0.00996389
0.00996386
0.00996384
0.00996382
0.0099638
0.00996377
0.00996375
0.00996373
0.0099637
0.00996368
0.00996366
0.00996363
0.00996361
0.00996359
0.00996356
0.00996354
0.00996352
0.0099635
0.00996347
0.00996345
0.00996343
0.0099634
0.00996338
0.00996336
0.00996333
0.00996331
0.00996329
0.00996326
0.00996324
0.00996322
0.00996319
0.00996317
0.00996315
0.00996313
0.0099631
0.00996308
0.00996306
0.00996303
0.00996301
0.00996299
0.00996296
0.00996294
0.00996292
0.00996289
0.00996287
0.00996285
0.00996283
0.0099628
0.00996278
0.00996276
0.00996273
0.00996271
0.00996269
0.00996266
0.00996264
0.00996262
0.00996259
0.00996257
0.00996255
0.00996253
0.0099625
0.00996248
0.00996246
0.00996243
0.00996241
0.00996239
0.00996236
0.00996234
0.00996232
0.00996229
0.00996227
0.00996225
0.00996223
0.0099622
0.00996218
0.00996216
0.00996213
0.00996211
0.00996209
0.00996206
0.00996204
0.00996202
0.00996199
0.00996197
0.00996195
0.00996193
0.0099619
0.00996188
0.00996186
0.00996183
0.00996181
0.00996179
0.00996176
0.00996174
0.00996172
0.00996169
0.00996167
0.00996165
0.00996163
0.0099616
0.00996158
0.00996156
0.00996153
0.00996151
0.00996149
0.00996146
0.00996144
0.00996142
0.00996139
0.00996137
0.00996135
0.00996133
0.0099613
0.00996128
0.00996126
0.00996123
0.00996121
0.00996119
0.00996116
0.00996114
0.00996112
0.00996109
0.00996107
0.00996105
0.00996103
0.009961
0.00996098
0.00996096
0.00996093
0.00996091
0.00996089
0.00996086
0.00996084
0.00996082
0.00996079
0.00996077
0.00996075
0.00996073
0.0099607
0.00996068
0.00996066
0.00996063
0.00996061
0.00996059
0.00996056
0.00996054
0.00996052
0.00996049
0.00996047
0.00996045
0.00996043
0.0099604
0.00996038
0.00996036
0.00996033
0.00996031
0.00996029
0.00996026
0.00996024
0.00996022
0.0099602
0.00996017
0.00996015
0.00996013
0.0099601
0.00996008
0.00996006
0.00996003
0.00996001
0.00995999
0.00995996
0.00995994
0.00995992
0.0099599
0.00995987
0.00995985
0.00995983
0.0099598
0.00995978
0.00995976
0.00995973
0.00995971
0.00995969
0.00995966
0.00995964
0.00995962
0.0099596
0.00995957
0.00995955
0.00995953
0.0099595
0.00995948
0.00995946
0.00995943
0.00995941
0.00995939
0.00995937
0.00995934
0.00995932
0.0099593
0.00995927
0.00995925
0.00995923
0.0099592
0.00995918
0.00995916
0.00995913
0.00995911
0.00995909
0.00995907
0.00995904
0.00995902
0.009959
0.00995897
0.00995895
0.00995893
0.0099589
0.00995888
0.00995886
0.00995884
0.00995881
0.00995879
0.00995877
0.00995874
0.00995872
0.0099587
0.00995867
0.00995865
0.00995863
0.0099586
0.00995858
0.00995856
0.00995854
0.00995851
0.00995849
0.00995847
0.00995844
0.00995842
0.0099584
0.00995837
0.00995835
0.00995833
0.00995831
0.00995828
0.00995826
0.00995824
0.00995821
0.00995819
0.00995817
0.00995814
0.00995812
0.0099581
0.00995807
0.00995805
0.00995803
0.00995801
0.00995798
0.00995796
0.00995794
0.00995791
0.00995789
0.00995787
0.00995784
0.00995782
0.0099578
0.00995778
0.00995775
0.00995773
0.00995771
0.00995768
0.00995766
0.00995764
0.00995761
0.00995759
0.00995757
0.00995755
0.00995752
0.0099575
0.00995748
0.00995745
0.00995743
0.00995741
0.00995738
0.00995736
0.00995734
0.00995731
0.00995729
0.00995727
0.00995725
0.00995722
0.0099572
0.00995718
0.00995715
0.00995713
0.00995711
0.00995708
0.00995706
0.00995704
0.00995702
0.00995699
0.00995697
0.00995695
0.00995692
0.0099569
0.00995688
0.00995685
0.00995683
0.00995681
0.00995679
0.00995676
0.00995674
0.00995672
0.00995669
0.00995667
0.00995665
0.00995662
0.0099566
0.00995658
0.00995656
0.00995653
0.00995651
0.00995649
0.00995646
0.00995644
0.00995642
0.00995639
0.00995637
0.00995635
0.00995633
0.0099563
0.00995628
0.00995626
0.00995623
0.00995621
0.00995619
0.00995616
0.00995614
0.00995612
0.00995609
0.00995607
0.00995605
0.00995603
0.009956
0.00995598
0.00995596
0.00995593
0.00995591
0.00995589
0.00995586
0.00995584
0.00995582
0.0099558
0.00995577
0.00995575
0.00995573
0.0099557
0.00995568
0.00995566
0.00995563
0.00995561
0.00995559
0.00995557
0.00995554
0.00995552
0.0099555
0.00995547
0.00995545
0.00995543
0.0099554
0.00995538
0.00995536
0.00995534
0.00995531
0.00995529
0.00995527
0.00995524
0.00995522
0.0099552
0.00995517
0.00995515
0.00995513
0.00995511
0.00995508
0.00995506
0.00995504
0.00995501
0.00995499
0.00995497
0.00995494
0.00995492
0.0099549
0.00995488
0.00995485
0.00995483
0.00995481
0.00995478
0.00995476
0.00995474
0.00995471
0.00995469
0.00995467
0.00995465
0.00995462
0.0099546
0.00995458
0.00995455
0.00995453
0.00995451
0.00995448
0.00995446
0.00995444
0.00995442
0.00995439
0.00995437
0.00995435
0.00995432
0.0099543
0.00995428
0.00995426
0.00995423
0.00995421
0.00995419
0.00995416
0.00995414
0.00995412
0.00995409
0.00995407
0.00995405
0.00995403
0.009954
0.00995398
0.00995396
0.00995393
0.00995391
0.00995389
0.00995386
0.00995384
0.00995382
0.0099538
0.00995377
0.00995375
0.00995373
0.0099537
0.00995368
0.00995366
0.00995363
0.00995361
0.00995359
0.00995357
0.00995354
0.00995352
0.0099535
0.00995347
0.00995345
0.00995343
0.0099534
0.00995338
0.00995336
0.00995334
0.00995331
0.00995329
0.00995327
0.00995324
0.00995322
0.0099532
0.00995317
0.00995315
0.00995313
0.00995311
0.00995308
0.00995306
0.00995304
0.00995301
0.00995299
0.00995297
0.00995295
0.00995292
0.0099529
0.00995288
0.00995285
0.00995283
0.00995281
0.00995278
0.00995276
0.00995274
0.00995272
0.00995269
0.00995267
0.00995265
0.00995262
0.0099526
0.00995258
0.00995255
0.00995253
0.00995251
0.00995249
0.00995246
0.00995244
0.00995242
0.00995239
0.00995237
0.00995235
0.00995232
0.0099523
0.00995228
0.00995226
0.00995223
0.00995221
0.00995219
0.00995216
0.00995214
0.00995212
0.0099521
0.00995207
0.00995205
0.00995203
0.009952
0.00995198
0.00995196
0.00995193
0.00995191
0.00995189
0.00995187
0.00995184
0.00995182
0.0099518
0.00995177
0.00995175
0.00995173
0.0099517
0.00995168
0.00995166
0.00995164
0.00995161
0.00995159
0.00995157
0.00995154
0.00995152
0.0099515
0.00995148
0.00995145
0.00995143
0.00995141
0.00995138
0.00995136
0.00995134
0.00995131
0.00995129
0.00995127
0.00995125
0.00995122
0.0099512
0.00995118
0.00995115
0.00995113
0.00995111
0.00995109
0.00995106
0.00995104
0.00995102
0.00995099
0.00995097
0.00995095
0.00995092
0.0099509
