7772,	55.55070638656616,	-21.0,	-21.0,	-21.0,	-21
15414,	62.55673098564148,	-21.0,	-21.0,	-21.0,	-21
23145,	69.57021450996399,	-21.0,	-21.0,	-20.9,	-20
30836,	76.64256596565247,	-21.0,	-21.0,	-21.0,	-21
38659,	83.73997402191162,	-21.0,	-21.0,	-20.9,	-20
46320,	90.5901710987091,	-21.0,	-21.0,	-21.0,	-21
54057,	97.49052500724792,	-21.0,	-21.0,	-21.0,	-21
61703,	104.41060876846313,	-21.0,	-21.0,	-21.0,	-21
69472,	111.35768699645996,	-21.0,	-21.0,	-21.0,	-21
77077,	118.13678240776062,	-21.0,	-21.0,	-21.0,	-21
84765,	125.26449728012085,	-21.0,	-21.0,	-20.9,	-20
92398,	132.25576877593994,	-21.0,	-21.0,	-21.0,	-21
100148,	139.33831763267517,	-21.0,	-21.0,	-20.9,	-20
109350,	150.48259162902832,	-20.5,	-20.0,	-21.0,	-21
117103,	157.63349723815918,	-21.0,	-21.0,	-20.9,	-20
124748,	164.42400527000427,	-21.0,	-21.0,	-21.0,	-21
132319,	171.09783220291138,	-21.0,	-21.0,	-21.0,	-21
139977,	178.00114154815674,	-21.0,	-21.0,	-21.0,	-21
147596,	185.087904214859,	-21.0,	-21.0,	-21.0,	-21
155238,	192.1064784526825,	-21.0,	-21.0,	-21.0,	-21
162971,	199.0719096660614,	-21.0,	-21.0,	-20.9,	-20
170561,	205.87442278862,	-21.0,	-21.0,	-21.0,	-21
178147,	212.54613065719604,	-21.0,	-21.0,	-21.0,	-21
185795,	219.34060645103455,	-21.0,	-21.0,	-21.0,	-21
193397,	226.09500670433044,	-21.0,	-21.0,	-21.0,	-21
201048,	233.04893136024475,	-21.0,	-21.0,	-21.0,	-21
208657,	239.80429673194885,	-21.0,	-21.0,	-21.0,	-21
216236,	246.81783056259155,	-21.0,	-21.0,	-21.0,	-21
223900,	253.7355670928955,	-21.0,	-21.0,	-21.0,	-21
231519,	260.6056363582611,	-21.0,	-21.0,	-21.0,	-21
239116,	267.41426253318787,	-21.0,	-21.0,	-21.0,	-21
246731,	274.39061164855957,	-21.0,	-21.0,	-21.0,	-21
254394,	281.25188541412354,	-21.0,	-21.0,	-21.0,	-21
262075,	288.1590619087219,	-21.0,	-21.0,	-20.9,	-20
269715,	294.9018635749817,	-21.0,	-21.0,	-21.0,	-21
277501,	301.9241831302643,	-20.5,	-20.0,	-21.0,	-21
285165,	308.7550594806671,	-21.0,	-21.0,	-21.0,	-21
292906,	315.6300549507141,	-21.0,	-21.0,	-21.0,	-21
300667,	322.54702258110046,	-21.0,	-21.0,	-20.8,	-20
308991,	330.9656751155853,	-21.0,	-21.0,	-20.9,	-20
316703,	337.89635848999023,	-21.0,	-21.0,	-21.0,	-21
324370,	344.7784204483032,	-21.0,	-21.0,	-21.0,	-21
331971,	351.45294427871704,	-21.0,	-21.0,	-21.0,	-21
339702,	358.48675298690796,	-21.0,	-21.0,	-20.9,	-20
347492,	365.63739371299744,	-21.0,	-21.0,	-20.9,	-20
355399,	372.9106864929199,	-20.5,	-20.0,	-20.9,	-20
363027,	379.69729685783386,	-21.0,	-21.0,	-21.0,	-21
370951,	386.74891471862793,	-21.0,	-21.0,	-20.8,	-20
378526,	393.429682970047,	-21.0,	-21.0,	-21.0,	-21
386434,	400.51864981651306,	-21.0,	-21.0,	-20.7,	-20
394275,	407.75458574295044,	-21.0,	-21.0,	-20.7,	-20
402012,	414.7642333507538,	-21.0,	-21.0,	-21.0,	-21
409810,	421.80226254463196,	-21.0,	-21.0,	-20.8,	-20
419121,	432.0319039821625,	-21.0,	-21.0,	-20.4,	-18
427092,	439.35256838798523,	-21.0,	-21.0,	-20.7,	-20
436025,	449.4507396221161,	-21.0,	-21.0,	-20.9,	-20
443949,	456.4475796222687,	-21.0,	-21.0,	-20.8,	-20
453134,	466.73694682121277,	-21.0,	-21.0,	-20.6,	-20
460751,	473.6290616989136,	-21.0,	-21.0,	-21.0,	-21
468763,	480.93840885162354,	-21.0,	-21.0,	-20.8,	-20
476843,	488.35318517684937,	-20.5,	-20.0,	-20.8,	-20
484574,	495.3437945842743,	-21.0,	-21.0,	-20.8,	-20
492347,	502.29033970832825,	-21.0,	-21.0,	-20.9,	-20
500107,	509.25731897354126,	-21.0,	-21.0,	-20.9,	-20
508454,	517.6264548301697,	-21.0,	-21.0,	-20.9,	-20
516100,	524.6121351718903,	-21.0,	-21.0,	-21.0,	-21
524672,	534.1229448318481,	-21.0,	-21.0,	-20.7,	-19
532693,	548.2571120262146,	-21.0,	-21.0,	-20.6,	-19
541677,	558.6400713920593,	-21.0,	-21.0,	-20.9,	-20
549648,	565.7669069766998,	-21.0,	-21.0,	-21.0,	-21
557955,	573.6924133300781,	-21.0,	-21.0,	-20.5,	-18
565830,	581.0243141651154,	-20.5,	-20.0,	-20.9,	-20
574815,	591.2793836593628,	-21.0,	-21.0,	-21.0,	-21
583580,	599.7743842601776,	-20.0,	-20.0,	-20.8,	-20
591269,	609.3607931137085,	-20.5,	-20.0,	-20.9,	-20
599370,	616.9877309799194,	-20.5,	-20.0,	-20.8,	-19
607528,	624.4920618534088,	-21.0,	-21.0,	-20.9,	-20
616336,	633.3940696716309,	-21.0,	-21.0,	-20.4,	-17
624260,	640.7603075504303,	-21.0,	-21.0,	-20.8,	-20
633576,	650.2779157161713,	-20.5,	-20.0,	-20.8,	-19
641884,	658.0801320075989,	-21.0,	-21.0,	-20.5,	-19
650172,	666.543340921402,	-20.0,	-19.0,	-21.0,	-21
658815,	680.0722844600677,	-20.0,	-20.0,	-20.8,	-20
667037,	687.5619325637817,	-20.5,	-20.0,	-20.5,	-19
676621,	697.0609920024872,	-20.0,	-20.0,	-20.6,	-20
685161,	705.7272291183472,	-20.5,	-20.0,	-21.0,	-21
693239,	713.3978831768036,	-21.0,	-21.0,	-20.7,	-20
701202,	720.7113451957703,	-20.5,	-20.0,	-20.8,	-20
710018,	729.6260740756989,	-20.5,	-20.0,	-20.5,	-20
718318,	737.7792444229126,	-20.0,	-20.0,	-20.6,	-20
726954,	746.1148493289948,	-21.0,	-21.0,	-20.4,	-19
735529,	754.5874869823456,	-21.0,	-21.0,	-20.1,	-15
744081,	763.4875564575195,	-20.0,	-20.0,	-20.8,	-20
752217,	770.96630859375,	-20.0,	-20.0,	-20.5,	-19
760565,	778.5308940410614,	-20.5,	-20.0,	-20.4,	-19
768803,	786.0542144775391,	-21.0,	-21.0,	-20.8,	-20
777371,	793.8369355201721,	-20.5,	-20.0,	-20.6,	-20
785402,	801.0217578411102,	-21.0,	-21.0,	-20.7,	-20
793599,	808.4370903968811,	-21.0,	-21.0,	-20.5,	-19
803334,	819.7916314601898,	-21.0,	-21.0,	-19.8,	-14
811344,	827.1409804821014,	-20.5,	-20.0,	-20.7,	-19
822251,	840.2967600822449,	-20.0,	-20.0,	-18.7,	-1
831086,	849.2429676055908,	-21.0,	-21.0,	-20.4,	-19
839199,	856.8368530273438,	-20.5,	-20.0,	-20.7,	-20
847847,	865.8071999549866,	-21.0,	-21.0,	-20.2,	-14
856283,	874.4408371448517,	-21.0,	-21.0,	-20.9,	-20
864434,	882.0297145843506,	-21.0,	-21.0,	-20.6,	-19
873806,	892.2105278968811,	-20.5,	-20.0,	-19.7,	-15
882154,	900.4033622741699,	-20.5,	-20.0,	-20.2,	-15
890642,	908.1843149662018,	-21.0,	-21.0,	-20.3,	-18
900159,	919.8728771209717,	-21.0,	-21.0,	-19.3,	-5
908665,	929.2079906463623,	-20.5,	-20.0,	-20.4,	-16
919760,	943.8707973957062,	-18.5,	-18.0,	-18.7,	-1
929711,	956.3266260623932,	-19.5,	-18.0,	-21.0,	-21
937463,	963.763720035553,	-20.0,	-19.0,	-20.9,	-20
945962,	972.9590899944305,	-21.0,	-21.0,	-20.9,	-20
955476,	981.5396835803986,	-21.0,	-21.0,	-20.4,	-19
963578,	989.1214652061462,	-20.5,	-20.0,	-20.7,	-19
972593,	997.6566021442413,	-21.0,	-21.0,	-20.9,	-20
981218,	1006.284841299057,	-21.0,	-21.0,	-20.8,	-20
990059,	1014.4135465621948,	-20.5,	-20.0,	-20.3,	-18
998838,	1023.5755295753479,	-20.0,	-20.0,	-20.6,	-20
1007646,	1033.7406911849976,	-20.0,	-20.0,	-20.6,	-17
1016381,	1042.0018219947815,	-21.0,	-21.0,	-20.5,	-19
1027330,	1053.7665219306946,	-20.5,	-20.0,	-20.6,	-19
1038342,	1065.4164869785309,	-17.0,	-17.0,	-19.0,	-14
1047597,	1074.5266094207764,	-20.5,	-20.0,	-21.0,	-21
1057714,	1085.4925479888916,	-19.5,	-18.0,	-20.4,	-18
1066791,	1094.7726020812988,	-18.0,	-15.0,	-20.7,	-19
1075853,	1103.8557527065277,	-18.0,	-15.0,	-20.5,	-20
1083985,	1111.6926012039185,	-21.0,	-21.0,	-21.0,	-21
1092728,	1120.2612838745117,	-21.0,	-21.0,	-20.8,	-20
1102474,	1130.768399477005,	-20.5,	-20.0,	-20.7,	-20
1110708,	1138.422256231308,	-20.5,	-20.0,	-20.7,	-20
1119339,	1147.1827137470245,	-21.0,	-21.0,	-20.6,	-20
1128980,	1159.4485018253326,	-20.5,	-20.0,	-20.8,	-19
1136913,	1169.729814529419,	-21.0,	-21.0,	-20.7,	-19
1145507,	1177.8576979637146,	-20.0,	-19.0,	-20.5,	-19
1154073,	1187.9297783374786,	-21.0,	-21.0,	-20.8,	-20
1162389,	1196.1395285129547,	-21.0,	-21.0,	-20.9,	-20
1170095,	1203.2327289581299,	-21.0,	-21.0,	-21.0,	-21
1178725,	1211.8595407009125,	-21.0,	-21.0,	-20.9,	-20
1186652,	1219.1437129974365,	-21.0,	-21.0,	-20.8,	-20
1194256,	1225.9598791599274,	-21.0,	-21.0,	-21.0,	-21
1201922,	1233.3279604911804,	-20.0,	-20.0,	-21.0,	-21
1209636,	1240.436381816864,	-20.5,	-20.0,	-20.9,	-20
1217480,	1247.633662700653,	-20.5,	-20.0,	-20.9,	-20
1225146,	1254.850486755371,	-20.5,	-20.0,	-20.9,	-20
1232774,	1261.7897868156433,	-21.0,	-21.0,	-21.0,	-21
1240495,	1268.7813091278076,	-21.0,	-21.0,	-20.9,	-20
1248993,	1277.0966007709503,	-20.5,	-20.0,	-20.8,	-20
1256582,	1284.3510978221893,	-21.0,	-21.0,	-21.0,	-21
1266349,	1296.3042936325073,	-21.0,	-21.0,	-20.8,	-20
1274544,	1303.7902002334595,	-21.0,	-21.0,	-20.6,	-19
1282278,	1310.8031260967255,	-21.0,	-21.0,	-21.0,	-21
1289938,	1317.7614896297455,	-21.0,	-21.0,	-21.0,	-21
1297519,	1324.6336061954498,	-21.0,	-21.0,	-21.0,	-21
1305248,	1331.5967881679535,	-21.0,	-21.0,	-20.9,	-20
1314188,	1340.2383131980896,	-21.0,	-21.0,	-20.5,	-17
1321828,	1348.1622931957245,	-19.0,	-19.0,	-21.0,	-21
1330172,	1356.0132842063904,	-20.5,	-20.0,	-20.8,	-20
1338330,	1363.7247672080994,	-20.5,	-20.0,	-21.0,	-21
1347487,	1372.746401309967,	-21.0,	-21.0,	-20.2,	-14
1356040,	1381.8706345558167,	-21.0,	-21.0,	-20.9,	-20
1364854,	1391.2769854068756,	-21.0,	-21.0,	-21.0,	-21
1373012,	1399.2610170841217,	-21.0,	-21.0,	-20.9,	-20
1381183,	1407.2978732585907,	-21.0,	-21.0,	-21.0,	-21
1391228,	1418.0060677528381,	-21.0,	-21.0,	-20.7,	-20
1399801,	1426.6160271167755,	-21.0,	-21.0,	-20.9,	-20
1408537,	1435.2613677978516,	-21.0,	-21.0,	-20.7,	-19
1416666,	1442.9672901630402,	-21.0,	-21.0,	-20.5,	-17
1425250,	1451.6824383735657,	-21.0,	-21.0,	-21.0,	-21
1433427,	1459.4521644115448,	-21.0,	-21.0,	-20.9,	-20
1442192,	1467.9499230384827,	-21.0,	-21.0,	-20.8,	-20
1450706,	1475.8562724590302,	-21.0,	-21.0,	-20.7,	-20
1459221,	1484.1789994239807,	-21.0,	-21.0,	-20.8,	-20
1466845,	1490.8881928920746,	-21.0,	-21.0,	-21.0,	-21
1474947,	1498.667580127716,	-21.0,	-21.0,	-21.0,	-21
1483281,	1506.972399711609,	-21.0,	-21.0,	-20.7,	-18
1491234,	1514.2293775081635,	-21.0,	-21.0,	-20.9,	-20
1501121,	1524.6156260967255,	-21.0,	-21.0,	-20.6,	-20
1509986,	1533.163554906845,	-21.0,	-21.0,	-21.0,	-21
1518256,	1543.4731278419495,	-20.5,	-20.0,	-20.9,	-20
1526550,	1552.2965087890625,	-21.0,	-21.0,	-20.9,	-20
1534526,	1559.6918666362762,	-21.0,	-21.0,	-20.8,	-20
1543078,	1568.3005061149597,	-20.5,	-20.0,	-21.0,	-21
1551180,	1575.6116960048676,	-21.0,	-21.0,	-20.9,	-20
1560597,	1585.734785079956,	-21.0,	-21.0,	-20.8,	-20
1570120,	1595.025470495224,	-21.0,	-21.0,	-20.1,	-16
1578466,	1602.7235119342804,	-21.0,	-21.0,	-20.8,	-19
1587685,	1611.8026621341705,	-21.0,	-21.0,	-20.7,	-19
1595751,	1619.8411989212036,	-21.0,	-21.0,	-20.8,	-20
1604300,	1628.8343908786774,	-21.0,	-21.0,	-20.7,	-20
1614870,	1640.3214263916016,	-21.0,	-21.0,	-20.9,	-20
1623090,	1647.9545431137085,	-20.5,	-20.0,	-20.7,	-19
1632205,	1656.754828453064,	-20.5,	-20.0,	-20.7,	-20
1640611,	1664.445333480835,	-20.0,	-20.0,	-20.7,	-20
1650692,	1676.28626871109,	-21.0,	-21.0,	-20.8,	-20
1660403,	1685.8792266845703,	-21.0,	-21.0,	-20.7,	-19
1668796,	1693.7834630012512,	-21.0,	-21.0,	-20.7,	-20
1678695,	1704.2104895114899,	-19.0,	-19.0,	-20.6,	-20
1688242,	1713.6223587989807,	-21.0,	-21.0,	-20.6,	-19
1697149,	1722.298879146576,	-21.0,	-21.0,	-20.8,	-20
1705575,	1730.2849543094635,	-21.0,	-21.0,	-20.6,	-20
1714243,	1739.1009917259216,	-20.5,	-20.0,	-20.4,	-19
1723498,	1748.8436279296875,	-20.0,	-20.0,	-20.9,	-20
1733357,	1759.3607234954834,	-21.0,	-21.0,	-20.7,	-20
1742119,	1769.5992612838745,	-21.0,	-21.0,	-20.8,	-20
1752483,	1779.777844429016,	-21.0,	-21.0,	-20.5,	-18
1761605,	1788.9254341125488,	-21.0,	-21.0,	-20.3,	-19
1772368,	1799.2222249507904,	-20.0,	-20.0,	-19.8,	-14
1782335,	1809.7980165481567,	-21.0,	-21.0,	-20.7,	-20
1793708,	1822.559950351715,	-19.0,	-19.0,	-20.0,	-11
1803601,	1832.4510028362274,	-21.0,	-21.0,	-20.8,	-20
1813849,	1846.4254705905914,	-21.0,	-21.0,	-20.4,	-18
1825152,	1860.7217328548431,	-20.0,	-19.0,	-20.9,	-20
1833792,	1869.9745080471039,	-21.0,	-21.0,	-20.9,	-20
1845124,	1881.3825941085815,	-21.0,	-21.0,	-20.3,	-15
1855169,	1892.1140615940094,	-21.0,	-21.0,	-20.3,	-18
1864365,	1900.5867564678192,	-21.0,	-21.0,	-20.8,	-20
1873536,	1909.9109983444214,	-21.0,	-21.0,	-20.5,	-20
1882722,	1918.0249366760254,	-21.0,	-21.0,	-20.5,	-19
1892303,	1928.053858757019,	-18.5,	-17.0,	-20.6,	-18
1904560,	1940.589192867279,	-18.5,	-16.0,	-18.9,	-6
1913948,	1951.031434059143,	-21.0,	-21.0,	-20.7,	-20
1922770,	1959.4857456684113,	-21.0,	-21.0,	-20.5,	-19
1932480,	1968.6137986183167,	-20.5,	-20.0,	-20.6,	-19
1941565,	1977.7558579444885,	-20.5,	-20.0,	-20.8,	-20
1952977,	1990.096020936966,	-21.0,	-21.0,	-21.0,	-21
1962349,	2000.6355986595154,	-20.0,	-20.0,	-20.7,	-20
1971581,	2011.4413442611694,	-21.0,	-21.0,	-20.7,	-19
1980497,	2020.3850665092468,	-20.0,	-19.0,	-20.5,	-17
1989275,	2029.1165726184845,	-21.0,	-21.0,	-20.8,	-20
1999310,	2039.131328344345,	-20.0,	-19.0,	-20.6,	-19
2008403,	2049.6005730628967,	-20.5,	-20.0,	-20.5,	-17
2017365,	2058.3258628845215,	-19.5,	-18.0,	-20.3,	-19
2026500,	2075.1248450279236,	-21.0,	-21.0,	-20.5,	-20
2034904,	2083.1403753757477,	-20.5,	-20.0,	-20.4,	-17
2043899,	2091.426496744156,	-21.0,	-21.0,	-20.8,	-20
2053587,	2100.7905807495117,	-21.0,	-21.0,	-20.4,	-16
2061795,	2109.4786245822906,	-21.0,	-21.0,	-20.7,	-20
2071452,	2119.229285478592,	-21.0,	-21.0,	-20.5,	-19
2081022,	2130.295448064804,	-20.5,	-20.0,	-20.7,	-19
2092036,	2141.715441942215,	-20.5,	-20.0,	-19.8,	-11
2102235,	2152.6903705596924,	-20.5,	-20.0,	-20.5,	-20
2111136,	2161.7403495311737,	-17.5,	-14.0,	-20.3,	-19
2119417,	2172.6213262081146,	-18.0,	-15.0,	-20.8,	-20
2127914,	2180.108667373657,	-20.5,	-20.0,	-20.4,	-20
2136960,	2189.9956209659576,	-21.0,	-21.0,	-21.0,	-21
2146090,	2198.8383717536926,	-21.0,	-21.0,	-21.0,	-21
2153943,	2206.099858045578,	-20.0,	-20.0,	-21.0,	-21
2162044,	2214.996902704239,	-21.0,	-21.0,	-21.0,	-21
2169936,	2224.211873292923,	-17.0,	-17.0,	-20.8,	-20
2178118,	2231.856555223465,	-20.5,	-20.0,	-20.8,	-20
2187991,	2241.9886944293976,	-20.0,	-19.0,	-20.4,	-19
2196681,	2250.14363694191,	-20.0,	-19.0,	-20.6,	-20
2208391,	2261.9522347450256,	-20.5,	-20.0,	-20.7,	-20
2219527,	2272.726291179657,	-21.0,	-21.0,	-20.9,	-20
2230553,	2283.0959210395813,	-21.0,	-21.0,	-20.4,	-19
2240169,	2293.6291875839233,	-20.5,	-20.0,	-20.8,	-20
2248996,	2302.349183320999,	-21.0,	-21.0,	-20.7,	-20
2258099,	2311.3958547115326,	-20.5,	-20.0,	-20.6,	-20
2266486,	2318.691771507263,	-21.0,	-21.0,	-20.4,	-20
2275992,	2327.9963908195496,	-21.0,	-21.0,	-20.7,	-19
2284530,	2335.843368291855,	-21.0,	-21.0,	-20.8,	-20
2293750,	2345.276402950287,	-21.0,	-21.0,	-20.4,	-19
2302407,	2354.0989756584167,	-21.0,	-21.0,	-20.4,	-18
2311645,	2363.8574635982513,	-20.0,	-20.0,	-19.9,	-12
2319959,	2371.423882007599,	-20.5,	-20.0,	-20.5,	-20
2328330,	2378.8421161174774,	-21.0,	-21.0,	-20.4,	-20
2336595,	2386.4363918304443,	-21.0,	-21.0,	-20.8,	-20
2344923,	2393.8852093219757,	-21.0,	-21.0,	-20.5,	-20
2353056,	2401.427994251251,	-20.5,	-20.0,	-20.6,	-19
2360939,	2408.623241662979,	-21.0,	-21.0,	-20.8,	-20
2370409,	2419.162763118744,	-21.0,	-21.0,	-20.8,	-20
2380249,	2431.053985595703,	-21.0,	-21.0,	-20.9,	-20
2388844,	2439.8059842586517,	-20.5,	-20.0,	-20.8,	-20
2396791,	2447.0656123161316,	-21.0,	-21.0,	-20.7,	-19
2405249,	2456.8048419952393,	-21.0,	-21.0,	-20.6,	-19
2413241,	2463.991510629654,	-21.0,	-21.0,	-20.7,	-20
2421684,	2472.2122440338135,	-21.0,	-21.0,	-20.7,	-20
2430580,	2482.0180225372314,	-20.5,	-20.0,	-20.6,	-20
2439278,	2490.6765496730804,	-20.5,	-20.0,	-20.7,	-20
2449302,	2501.254319190979,	-21.0,	-21.0,	-20.7,	-20
2457431,	2508.5147411823273,	-21.0,	-21.0,	-21.0,	-21
2465668,	2516.0334503650665,	-21.0,	-21.0,	-20.6,	-20
2474145,	2524.403569459915,	-20.5,	-20.0,	-20.7,	-20
2482649,	2532.357338666916,	-20.5,	-20.0,	-20.3,	-18
2490933,	2539.683832168579,	-21.0,	-21.0,	-20.6,	-20
2499114,	2546.983906030655,	-20.0,	-20.0,	-20.6,	-20
2507323,	2554.515213727951,	-20.5,	-20.0,	-20.6,	-20
2516026,	2563.1020798683167,	-20.5,	-20.0,	-20.9,	-20
2524567,	2571.6477229595184,	-21.0,	-21.0,	-20.6,	-18
2533164,	2580.099089384079,	-20.0,	-19.0,	-20.8,	-19
2541489,	2587.944572210312,	-20.5,	-20.0,	-20.8,	-20
2550863,	2597.363701581955,	-20.5,	-20.0,	-20.5,	-19
2559415,	2605.789572954178,	-21.0,	-21.0,	-20.6,	-20
2568221,	2613.831458091736,	-21.0,	-21.0,	-20.3,	-20
2577796,	2623.2109706401825,	-20.0,	-20.0,	-20.5,	-20
2587034,	2632.546775817871,	-20.5,	-20.0,	-20.2,	-19
2597469,	2644.7906427383423,	-20.0,	-20.0,	-19.0,	-1
2607272,	2654.747651576996,	-20.0,	-19.0,	-20.6,	-19
2616481,	2663.836172580719,	-21.0,	-21.0,	-20.2,	-18
2628162,	2679.131723165512,	-21.0,	-21.0,	-19.0,	-1
2637719,	2689.8308959007263,	-20.0,	-20.0,	-20.6,	-20
2647580,	2699.2440326213837,	-20.5,	-20.0,	-20.8,	-19
2656809,	2708.3136353492737,	-21.0,	-21.0,	-20.5,	-20
2667768,	2718.6999909877777,	-20.0,	-20.0,	-20.4,	-17
2676259,	2727.276851415634,	-19.5,	-19.0,	-20.7,	-20
2684597,	2734.75145983696,	-21.0,	-21.0,	-20.4,	-19
2694676,	2745.3098373413086,	-20.5,	-20.0,	-20.6,	-20
2703137,	2752.9206075668335,	-21.0,	-21.0,	-20.3,	-20
2711753,	2761.396218776703,	-20.5,	-20.0,	-20.6,	-20
2720124,	2769.01726603508,	-21.0,	-21.0,	-20.7,	-20
2729643,	2777.918931722641,	-21.0,	-21.0,	-20.6,	-20
2738018,	2785.681197166443,	-20.5,	-20.0,	-20.4,	-19
2746539,	2793.6749336719513,	-19.5,	-19.0,	-20.5,	-20
2754785,	2801.134313583374,	-21.0,	-21.0,	-20.7,	-20
2764191,	2811.620369195938,	-21.0,	-21.0,	-20.7,	-20
2772201,	2818.8519144058228,	-21.0,	-21.0,	-20.7,	-20
2780707,	2826.8671844005585,	-20.5,	-20.0,	-20.6,	-19
2789149,	2834.6995906829834,	-21.0,	-21.0,	-20.7,	-19
2798139,	2843.5228657722473,	-20.5,	-20.0,	-20.5,	-19
2806905,	2851.7633879184723,	-21.0,	-21.0,	-20.4,	-19
2816435,	2861.78675365448,	-20.5,	-20.0,	-20.9,	-20
2824852,	2869.4969091415405,	-21.0,	-21.0,	-20.7,	-20
2833061,	2876.9780807495117,	-20.5,	-20.0,	-20.8,	-20
2841018,	2884.214560031891,	-21.0,	-21.0,	-20.8,	-20
2849320,	2892.169579744339,	-20.0,	-20.0,	-21.0,	-21
2857536,	2899.8084437847137,	-21.0,	-21.0,	-20.8,	-20
2865783,	2907.6522324085236,	-21.0,	-21.0,	-20.9,	-20
2874568,	2916.7772097587585,	-20.5,	-20.0,	-20.7,	-20
2885526,	2928.7994542121887,	-21.0,	-21.0,	-20.8,	-20
2894211,	2937.2649524211884,	-21.0,	-21.0,	-20.8,	-19
2902394,	2945.080332517624,	-21.0,	-21.0,	-20.8,	-20
2910417,	2955.3258209228516,	-21.0,	-21.0,	-20.8,	-20
2918643,	2963.3166856765747,	-20.5,	-20.0,	-20.8,	-20
2927818,	2973.7327296733856,	-20.5,	-20.0,	-20.6,	-20
2936240,	2982.050799369812,	-21.0,	-21.0,	-20.7,	-20
2944249,	2989.5057508945465,	-20.5,	-20.0,	-20.6,	-20
2952186,	2996.82053399086,	-21.0,	-21.0,	-20.8,	-20
2960284,	3004.3317601680756,	-20.0,	-20.0,	-20.8,	-20
2968285,	3011.8534293174744,	-21.0,	-21.0,	-20.9,	-20
2976162,	3019.100494146347,	-20.5,	-20.0,	-20.8,	-20
2984025,	3026.1258149147034,	-20.5,	-20.0,	-21.0,	-21
2991976,	3033.3987777233124,	-20.5,	-20.0,	-20.6,	-20
3000074,	3040.83744764328,	-20.5,	-20.0,	-20.6,	-20
3008529,	3049.8405089378357,	-20.5,	-20.0,	-20.9,	-20
3016312,	3056.886774301529,	-21.0,	-21.0,	-20.9,	-20
3024327,	3064.256280183792,	-20.5,	-20.0,	-20.7,	-20
3032463,	3071.5768728256226,	-21.0,	-21.0,	-20.6,	-20
3040492,	3078.793348312378,	-21.0,	-21.0,	-20.7,	-20
3048538,	3085.9314630031586,	-21.0,	-21.0,	-20.7,	-20
3056898,	3093.962634086609,	-19.0,	-18.0,	-20.5,	-19
3064619,	3100.766803741455,	-21.0,	-21.0,	-21.0,	-21
3073082,	3109.35262131691,	-21.0,	-21.0,	-20.8,	-20
3083565,	3122.2935366630554,	-21.0,	-21.0,	-18.7,	1
3092958,	3131.5554699897766,	-21.0,	-21.0,	-20.6,	-20
3101006,	3139.139189004898,	-20.5,	-20.0,	-20.8,	-20
3109011,	3146.604991912842,	-20.0,	-20.0,	-20.6,	-20
3118414,	3155.972370147705,	-21.0,	-21.0,	-16.5,	21
3127022,	3164.4691710472107,	-21.0,	-21.0,	-20.9,	-20
3135750,	3173.2654252052307,	-21.0,	-21.0,	-20.7,	-20
3143913,	3180.8092432022095,	-20.5,	-20.0,	-20.4,	-18
3152088,	3188.7026636600494,	-21.0,	-21.0,	-20.7,	-19
3159851,	3195.7900002002716,	-21.0,	-21.0,	-21.0,	-21
3167672,	3202.7429060935974,	-21.0,	-21.0,	-21.0,	-21
3175837,	3210.0616981983185,	-21.0,	-21.0,	-20.9,	-20
3183987,	3217.417517900467,	-21.0,	-21.0,	-20.4,	-20
3192123,	3225.9735696315765,	-21.0,	-21.0,	-20.6,	-19
3200354,	3234.164684534073,	-21.0,	-21.0,	-20.7,	-19
3208827,	3242.0216970443726,	-20.5,	-20.0,	-20.2,	-18
3217161,	3249.755210876465,	-21.0,	-21.0,	-20.3,	-20
3225046,	3257.0814208984375,	-20.0,	-20.0,	-20.8,	-20
3233110,	3264.500164747238,	-20.0,	-20.0,	-20.7,	-20
3241353,	3271.9279029369354,	-21.0,	-21.0,	-20.6,	-19
3249854,	3279.938227415085,	-21.0,	-21.0,	-20.5,	-20
3258045,	3287.350205183029,	-21.0,	-21.0,	-20.5,	-20
3266377,	3295.7340297698975,	-21.0,	-21.0,	-20.8,	-19
3275243,	3304.7760927677155,	-20.5,	-20.0,	-20.5,	-19
3284699,	3315.0613396167755,	-20.5,	-20.0,	-20.3,	-18
3294436,	3325.4684150218964,	-20.5,	-20.0,	-20.6,	-20
3303180,	3334.7451643943787,	-19.0,	-19.0,	-20.2,	-16
3311991,	3343.789216041565,	-20.5,	-20.0,	-20.2,	-15
3319962,	3351.0815091133118,	-21.0,	-21.0,	-20.6,	-20
3329398,	3360.201254606247,	-20.0,	-19.0,	-20.5,	-19
3339659,	3373.258325099945,	-21.0,	-21.0,	-20.9,	-20
3347600,	3381.629476547241,	-19.5,	-18.0,	-20.6,	-20
3355884,	3389.375332593918,	-20.5,	-20.0,	-20.6,	-20
3364573,	3398.08208155632,	-20.5,	-20.0,	-20.4,	-19
3373258,	3406.6714215278625,	-21.0,	-21.0,	-20.4,	-19
3381647,	3414.9655148983,	-20.5,	-20.0,	-20.4,	-17
3390621,	3424.9994292259216,	-17.0,	-14.0,	-20.1,	-18
3399247,	3433.8345942497253,	-21.0,	-21.0,	-20.7,	-20
3408625,	3443.378981113434,	-20.5,	-20.0,	-19.6,	-13
3416642,	3450.85169506073,	-20.0,	-20.0,	-20.7,	-20
3424701,	3458.0475375652313,	-21.0,	-21.0,	-20.5,	-20
3434057,	3468.32416844368,	-21.0,	-21.0,	-19.0,	-7
3442270,	3475.782199859619,	-21.0,	-21.0,	-20.4,	-19
3450452,	3483.3451104164124,	-20.5,	-20.0,	-20.5,	-19
3460733,	3493.866901397705,	-20.0,	-20.0,	-20.5,	-19
3468904,	3501.3333122730255,	-20.0,	-20.0,	-20.6,	-19
3477803,	3509.6254987716675,	-21.0,	-21.0,	-20.1,	-19
3488081,	3520.122278213501,	-20.5,	-20.0,	-19.6,	-17
3497135,	3530.395408153534,	-19.0,	-17.0,	-20.8,	-20
3505379,	3537.7527322769165,	-21.0,	-21.0,	-20.4,	-20
3514628,	3546.5936942100525,	-20.5,	-20.0,	-20.0,	-18
3523240,	3556.7745308876038,	-20.0,	-20.0,	-20.2,	-20
3532106,	3565.894768714905,	-21.0,	-21.0,	-20.4,	-20
3540508,	3573.5925204753876,	-20.5,	-20.0,	-20.3,	-20
3549378,	3582.4922168254852,	-21.0,	-21.0,	-20.6,	-20
3558356,	3591.469620704651,	-20.5,	-20.0,	-20.4,	-20
3566883,	3599.2538175582886,	-20.5,	-20.0,	-20.4,	-20
3576507,	3609.602366924286,	-20.0,	-20.0,	-20.9,	-20
3584861,	3618.3665437698364,	-20.5,	-20.0,	-20.6,	-20
3594027,	3627.241515636444,	-20.5,	-20.0,	-20.2,	-18
3602661,	3635.205975294113,	-20.5,	-20.0,	-20.5,	-20
3611038,	3643.2903575897217,	-20.0,	-20.0,	-20.7,	-20
3619278,	3650.781256198883,	-20.5,	-20.0,	-20.7,	-20
3630160,	3661.4892308712006,	-20.0,	-19.0,	-20.0,	-17
3638194,	3669.045996904373,	-20.0,	-19.0,	-20.8,	-19
3647396,	3678.183051586151,	-21.0,	-21.0,	-20.3,	-20
3656082,	3687.174415588379,	-20.0,	-19.0,	-20.7,	-20
3664535,	3695.24560213089,	-21.0,	-21.0,	-20.6,	-20
3673086,	3703.868003129959,	-21.0,	-21.0,	-20.8,	-20
3682162,	3712.773084640503,	-20.0,	-20.0,	-20.3,	-19
3691049,	3722.4142124652863,	-17.0,	-13.0,	-19.8,	-15
3700794,	3732.4028606414795,	-20.5,	-20.0,	-20.5,	-20
3710406,	3743.309821844101,	-21.0,	-21.0,	-19.0,	-8
3719759,	3753.9173455238342,	-21.0,	-21.0,	-20.7,	-20
3728924,	3762.73210477829,	-20.5,	-20.0,	-20.5,	-20
3737152,	3770.280997276306,	-20.5,	-20.0,	-20.5,	-19
3745926,	3779.537858247757,	-20.5,	-20.0,	-20.6,	-20
3754397,	3787.2593257427216,	-21.0,	-21.0,	-20.4,	-19
3762325,	3794.6751811504364,	-20.5,	-20.0,	-20.7,	-20
3770466,	3802.357251405716,	-20.5,	-20.0,	-20.7,	-20
3779627,	3810.7158098220825,	-20.0,	-20.0,	-20.4,	-18
3789265,	3822.7145895957947,	-21.0,	-21.0,	-19.8,	-12
3796963,	3829.7652912139893,	-20.5,	-20.0,	-21.0,	-21
3806005,	3840.314116716385,	-20.5,	-20.0,	-20.8,	-20
3813864,	3847.3515625,	-20.5,	-20.0,	-20.9,	-20
3822311,	3855.421167373657,	-21.0,	-21.0,	-20.7,	-19
3830741,	3864.5128955841064,	-18.0,	-16.0,	-20.7,	-20
3838695,	3872.529430627823,	-20.5,	-20.0,	-20.8,	-20
3847307,	3880.670487642288,	-20.5,	-20.0,	-20.2,	-19
3855754,	3888.32856464386,	-20.0,	-19.0,	-20.4,	-19
3864178,	3896.5761399269104,	-20.0,	-20.0,	-20.8,	-20
3872132,	3903.8548192977905,	-21.0,	-21.0,	-20.9,	-20
3881562,	3912.6285033226013,	-21.0,	-21.0,	-20.7,	-20
3889711,	3920.1503126621246,	-21.0,	-21.0,	-20.6,	-20
3898255,	3928.966288089752,	-21.0,	-21.0,	-20.9,	-20
3907246,	3938.3246846199036,	-20.5,	-20.0,	-20.7,	-20
3915762,	3946.0766575336456,	-20.0,	-20.0,	-20.1,	-18
3924929,	3954.443179130554,	-20.0,	-20.0,	-20.1,	-17
3933657,	3963.000454902649,	-20.0,	-20.0,	-20.4,	-18
3942454,	3972.346296310425,	-20.5,	-20.0,	-20.8,	-20
3953024,	3984.9120762348175,	-20.0,	-20.0,	-18.6,	-1
3962108,	3995.2145664691925,	-20.5,	-20.0,	-20.8,	-20
3971810,	4004.767093896866,	-21.0,	-21.0,	-20.8,	-20
3980074,	4012.2402970790863,	-20.5,	-20.0,	-20.6,	-20
3988436,	4019.7686352729797,	-21.0,	-21.0,	-20.5,	-19
3997475,	4028.330417394638,	-21.0,	-21.0,	-20.3,	-19
4006745,	4037.8343544006348,	-20.5,	-20.0,	-20.6,	-19
4016419,	4047.4847247600555,	-21.0,	-21.0,	-20.5,	-19
4024421,	4055.2732491493225,	-21.0,	-21.0,	-21.0,	-21
4033905,	4064.460250854492,	-21.0,	-21.0,	-21.0,	-21
4043489,	4073.546929836273,	-20.5,	-20.0,	-20.6,	-19
4052529,	4082.5347197055817,	-21.0,	-21.0,	-20.4,	-19
4062805,	4092.9115381240845,	-19.5,	-18.0,	-19.8,	-17
4072263,	4103.218186855316,	-20.5,	-20.0,	-20.3,	-19
4080756,	4111.968263626099,	-20.5,	-20.0,	-20.6,	-18
4089074,	4120.2754778862,	-21.0,	-21.0,	-20.9,	-20
4097134,	4128.486116409302,	-18.0,	-18.0,	-20.8,	-20
4105483,	4136.349366903305,	-21.0,	-21.0,	-20.7,	-20
4114928,	4145.720697641373,	-21.0,	-21.0,	-20.1,	-14
4124005,	4155.6341762542725,	-21.0,	-21.0,	-19.7,	-11
4132062,	4162.910491228104,	-21.0,	-21.0,	-20.8,	-20
4141695,	4173.447505950928,	-21.0,	-21.0,	-20.8,	-20
4150679,	4182.176988840103,	-21.0,	-21.0,	-20.0,	-14
4159931,	4192.595324039459,	-21.0,	-21.0,	-20.9,	-20
4170262,	4203.3954174518585,	-20.5,	-20.0,	-19.9,	-18
4179076,	4212.382774114609,	-18.0,	-15.0,	-20.7,	-20
4187949,	4221.989093065262,	-21.0,	-21.0,	-20.0,	-11
4196719,	4231.116756677628,	-21.0,	-21.0,	-20.8,	-20
4205688,	4239.5110511779785,	-20.0,	-20.0,	-20.4,	-19
4214273,	4247.60133099556,	-20.5,	-20.0,	-20.6,	-19
4223815,	4258.173616886139,	-20.5,	-20.0,	-20.5,	-20
4231987,	4265.453574419022,	-21.0,	-21.0,	-20.8,	-20
4240667,	4274.150259256363,	-21.0,	-21.0,	-20.8,	-20
4249288,	4282.714234113693,	-21.0,	-21.0,	-20.8,	-20
4259825,	4293.061790943146,	-20.5,	-20.0,	-20.3,	-19
4269270,	4303.815539360046,	-21.0,	-21.0,	-20.5,	-20
4278748,	4314.415887594223,	-20.5,	-20.0,	-20.5,	-20
4287198,	4323.51847910881,	-20.0,	-20.0,	-20.3,	-19
4296299,	4332.195663690567,	-21.0,	-21.0,	-20.8,	-20
4305811,	4342.881465911865,	-20.5,	-20.0,	-20.5,	-19
4316230,	4353.651482820511,	-21.0,	-21.0,	-19.7,	-11
4325310,	4363.991638183594,	-20.0,	-19.0,	-20.8,	-20
4336184,	4374.931420326233,	-21.0,	-21.0,	-20.5,	-19
4346483,	4386.402995586395,	-21.0,	-21.0,	-20.4,	-19
4360431,	4403.134380102158,	-20.0,	-19.0,	-18.8,	-2
4369456,	4411.854102611542,	-21.0,	-21.0,	-20.4,	-17
4379963,	4422.603952407837,	-20.5,	-20.0,	-20.3,	-19
4391302,	4435.326092243195,	-21.0,	-21.0,	-20.6,	-20
4403287,	4446.665579080582,	-20.5,	-20.0,	-20.6,	-18
4411815,	4455.257642030716,	-20.0,	-20.0,	-20.3,	-19
4421477,	4468.1989912986755,	-21.0,	-21.0,	-21.0,	-21
4433606,	4480.111040115356,	-20.5,	-20.0,	-20.4,	-19
4442797,	4488.9362535476685,	-20.5,	-20.0,	-20.7,	-20
4451797,	4498.367742061615,	-21.0,	-21.0,	-20.4,	-17
4461547,	4508.932276964188,	-21.0,	-21.0,	-20.9,	-20
4470284,	4517.879219532013,	-20.5,	-20.0,	-20.6,	-20
4479982,	4528.3150515556335,	-21.0,	-21.0,	-20.6,	-19
4489423,	4537.552883863449,	-21.0,	-21.0,	-20.5,	-20
4500067,	4550.907512426376,	-20.0,	-19.0,	-20.8,	-20
4507972,	4557.883194684982,	-20.5,	-20.0,	-20.7,	-20
4516526,	4565.96494102478,	-20.0,	-20.0,	-20.5,	-19
4525018,	4573.968595027924,	-20.5,	-20.0,	-20.7,	-20
4533807,	4582.762342453003,	-20.5,	-20.0,	-20.5,	-20
4544685,	4593.81499171257,	-21.0,	-21.0,	-20.7,	-20
4555148,	4605.1418800354,	-20.5,	-20.0,	-20.8,	-20
4563832,	4614.242714643478,	-20.5,	-20.0,	-20.7,	-20
4574265,	4625.135060548782,	-21.0,	-21.0,	-20.7,	-19
4582300,	4632.482407569885,	-20.5,	-20.0,	-20.5,	-20
4591608,	4643.0647349357605,	-21.0,	-21.0,	-20.6,	-20
4601322,	4654.357713699341,	-21.0,	-21.0,	-20.7,	-20
4609383,	4661.593526363373,	-20.5,	-20.0,	-20.7,	-20
4617211,	4670.106223106384,	-21.0,	-21.0,	-21.0,	-21
4625961,	4680.01274728775,	-21.0,	-21.0,	-21.0,	-21
4634402,	4688.41414308548,	-21.0,	-21.0,	-20.9,	-20
4645343,	4699.38102889061,	-20.5,	-20.0,	-20.8,	-20
4655555,	4711.347280740738,	-20.5,	-20.0,	-20.8,	-20
4665425,	4721.603789329529,	-21.0,	-21.0,	-20.8,	-20
4675789,	4731.366187572479,	-21.0,	-21.0,	-20.7,	-19
4684863,	4740.024583339691,	-20.5,	-20.0,	-20.9,	-20
4694672,	4754.154797077179,	-21.0,	-21.0,	-20.9,	-20
4704850,	4765.254289388657,	-21.0,	-21.0,	-20.7,	-20
4715027,	4776.678042173386,	-20.0,	-20.0,	-20.4,	-19
4725991,	4787.459697723389,	-20.5,	-20.0,	-20.8,	-20
4735331,	4796.43178486824,	-20.5,	-20.0,	-20.9,	-20
4746190,	4807.371854543686,	-21.0,	-21.0,	-20.9,	-20
4755172,	4816.729292869568,	-21.0,	-21.0,	-20.7,	-20
4764253,	4825.649134159088,	-21.0,	-21.0,	-20.3,	-19
4773736,	4834.11111998558,	-21.0,	-21.0,	-20.8,	-20
4784168,	4844.799592971802,	-20.0,	-20.0,	-20.9,	-20
4792658,	4854.190832853317,	-20.5,	-20.0,	-20.9,	-20
4802903,	4866.160690546036,	-21.0,	-21.0,	-20.5,	-19
4810899,	4874.375362157822,	-21.0,	-21.0,	-20.8,	-20
4819206,	4881.9574999809265,	-21.0,	-21.0,	-20.5,	-20
4829468,	4894.1347279548645,	-21.0,	-21.0,	-20.8,	-20
4838094,	4902.3814215660095,	-21.0,	-21.0,	-20.5,	-19
4847293,	4911.866041660309,	-20.5,	-20.0,	-20.6,	-20
4855616,	4919.587016105652,	-21.0,	-21.0,	-20.8,	-20
4863975,	4927.239752531052,	-20.5,	-20.0,	-20.8,	-20
4872598,	4936.207421541214,	-21.0,	-21.0,	-20.2,	-15
4880834,	4943.935578584671,	-21.0,	-21.0,	-20.5,	-18
4892013,	4954.861651659012,	-21.0,	-21.0,	-20.8,	-20
4903121,	4966.008564949036,	-21.0,	-21.0,	-20.9,	-20
4912844,	4977.90975189209,	-21.0,	-21.0,	-20.6,	-20
4921544,	4986.5841319561005,	-20.5,	-20.0,	-20.6,	-19
4929541,	4993.920832872391,	-20.5,	-20.0,	-20.7,	-19
4937985,	5002.356306314468,	-21.0,	-21.0,	-20.9,	-20
4945988,	5009.850603818893,	-20.5,	-20.0,	-20.9,	-20
4955293,	5020.129906654358,	-21.0,	-21.0,	-20.9,	-20
4964603,	5030.502624988556,	-21.0,	-21.0,	-20.5,	-19
4975667,	5041.287311553955,	-20.0,	-19.0,	-16.9,	20
4983927,	5049.101932048798,	-21.0,	-21.0,	-20.4,	-19
4993625,	5059.755563497543,	-20.5,	-20.0,	-20.8,	-20
5002038,	5068.3391036987305,	-21.0,	-21.0,	-21.0,	-21
5012951,	5079.239488124847,	-20.5,	-20.0,	-20.7,	-20
5021990,	5089.544406175613,	-21.0,	-21.0,	-20.9,	-20
5031374,	5100.1990621089935,	-20.0,	-20.0,	-20.8,	-20
5043198,	5112.476228952408,	-21.0,	-21.0,	-20.8,	-20
5051672,	5122.867676734924,	-21.0,	-21.0,	-21.0,	-21
5061664,	5133.483251094818,	-21.0,	-21.0,	-20.7,	-20
5070289,	5142.116954088211,	-21.0,	-21.0,	-20.7,	-20
5081449,	5152.990304708481,	-21.0,	-21.0,	-20.5,	-19
5090504,	5166.830238819122,	-21.0,	-21.0,	-20.8,	-20
5098783,	5174.467544794083,	-21.0,	-21.0,	-20.8,	-20
5108707,	5185.219580173492,	-21.0,	-21.0,	-20.7,	-20
5118776,	5196.373423099518,	-20.5,	-20.0,	-20.4,	-19
5127820,	5206.686140060425,	-21.0,	-21.0,	-21.0,	-21
5136379,	5219.045644044876,	-20.5,	-20.0,	-20.9,	-20
5146351,	5229.34157371521,	-21.0,	-21.0,	-20.6,	-20
5156459,	5241.316202402115,	-21.0,	-21.0,	-21.0,	-21
5164616,	5248.70759510994,	-21.0,	-21.0,	-20.5,	-20
5172544,	5255.7687973976135,	-20.5,	-20.0,	-20.8,	-20
5180548,	5262.9552500247955,	-21.0,	-21.0,	-20.8,	-20
5190555,	5273.341157674789,	-21.0,	-21.0,	-20.9,	-20
5198653,	5281.059283733368,	-20.0,	-19.0,	-20.7,	-19
5206387,	5287.901625394821,	-21.0,	-21.0,	-21.0,	-21
5214639,	5295.433019399643,	-20.5,	-20.0,	-20.5,	-20
5222553,	5302.478136301041,	-21.0,	-21.0,	-20.8,	-20
5231860,	5313.09592962265,	-21.0,	-21.0,	-20.7,	-20
5239734,	5320.2970316410065,	-20.0,	-20.0,	-20.9,	-20
5249335,	5330.752992391586,	-20.5,	-20.0,	-20.8,	-20
5258374,	5341.072071313858,	-21.0,	-21.0,	-20.8,	-20
5266434,	5348.346521139145,	-20.0,	-20.0,	-20.7,	-20
5274597,	5355.723561763763,	-21.0,	-21.0,	-20.5,	-20
5283856,	5366.245117425919,	-20.0,	-19.0,	-20.6,	-20
5292129,	5373.54763674736,	-20.5,	-20.0,	-20.6,	-20
5300209,	5380.724157333374,	-21.0,	-21.0,	-20.5,	-20
5309665,	5391.014525413513,	-20.5,	-20.0,	-20.5,	-19
5318662,	5401.053152561188,	-21.0,	-21.0,	-20.8,	-20
5327376,	5409.740712404251,	-20.0,	-20.0,	-20.7,	-20
5338529,	5421.253355503082,	-21.0,	-21.0,	-20.8,	-20
5348644,	5431.756299495697,	-20.5,	-20.0,	-20.7,	-19
5358877,	5443.142407417297,	-20.5,	-20.0,	-20.7,	-20
5367968,	5453.447316646576,	-20.0,	-20.0,	-20.9,	-20
5376120,	5460.8462200164795,	-21.0,	-21.0,	-20.6,	-20
5385325,	5471.453738689423,	-21.0,	-21.0,	-20.6,	-20
5395544,	5482.751895189285,	-20.5,	-20.0,	-20.6,	-19
5404049,	5491.470467329025,	-21.0,	-21.0,	-20.7,	-20
5412174,	5498.8112616539,	-20.5,	-20.0,	-20.8,	-20
5422004,	5509.666714429855,	-21.0,	-21.0,	-20.4,	-20
5431174,	5520.0342309474945,	-20.5,	-20.0,	-20.7,	-20
5439905,	5528.191027402878,	-20.0,	-20.0,	-20.7,	-20
5448357,	5536.237909793854,	-21.0,	-21.0,	-20.6,	-20
5456175,	5543.4754984378815,	-20.0,	-20.0,	-20.8,	-20
5464277,	5550.87243270874,	-20.0,	-20.0,	-20.7,	-20
5473285,	5559.463643789291,	-20.5,	-20.0,	-20.8,	-20
5482426,	5569.092876672745,	-20.0,	-20.0,	-20.8,	-20
5490971,	5577.572363376617,	-20.5,	-20.0,	-20.6,	-20
5500927,	5589.00018119812,	-20.0,	-20.0,	-20.8,	-20
5509555,	5597.657380104065,	-20.5,	-20.0,	-20.5,	-20
5517585,	5605.144491672516,	-20.5,	-20.0,	-20.7,	-20
5525556,	5612.668533563614,	-19.5,	-19.0,	-20.6,	-20
5534166,	5620.4533178806305,	-20.5,	-20.0,	-20.5,	-19
5543174,	5629.546862125397,	-20.0,	-20.0,	-20.8,	-20
5551792,	5638.03347659111,	-20.0,	-20.0,	-20.6,	-19
5560277,	5645.996897220612,	-21.0,	-21.0,	-20.2,	-18
5568275,	5653.319363832474,	-20.0,	-20.0,	-20.6,	-19
5577085,	5662.274551868439,	-21.0,	-21.0,	-20.7,	-20
5585216,	5669.613880157471,	-21.0,	-21.0,	-20.8,	-20
5593818,	5678.269403219223,	-20.5,	-20.0,	-20.5,	-20
5601870,	5685.713184356689,	-20.0,	-20.0,	-20.7,	-20
5610609,	5694.495308160782,	-20.5,	-20.0,	-20.6,	-19
5619202,	5703.038615465164,	-20.0,	-20.0,	-20.6,	-19
5627107,	5710.059642791748,	-21.0,	-21.0,	-20.8,	-20
5634923,	5717.289792299271,	-20.5,	-20.0,	-20.9,	-20
5643021,	5724.632358789444,	-21.0,	-21.0,	-20.6,	-20
5651670,	5733.239768266678,	-20.5,	-20.0,	-20.6,	-20
5659778,	5740.467371940613,	-21.0,	-21.0,	-20.8,	-20
5668819,	5750.843633651733,	-21.0,	-21.0,	-20.8,	-20
5677008,	5758.211688756943,	-21.0,	-21.0,	-20.6,	-20
5684984,	5765.454492330551,	-21.0,	-21.0,	-21.0,	-21
5693442,	5773.121532917023,	-21.0,	-21.0,	-20.6,	-19
5701458,	5780.51625919342,	-21.0,	-21.0,	-20.8,	-19
5709297,	5787.616101264954,	-21.0,	-21.0,	-20.9,	-20
5717530,	5795.420001983643,	-21.0,	-21.0,	-20.8,	-20
5725555,	5802.684521198273,	-21.0,	-21.0,	-20.6,	-20
5733420,	5809.90852689743,	-20.5,	-20.0,	-20.9,	-20
5741565,	5817.21542429924,	-21.0,	-21.0,	-20.6,	-19
5749694,	5825.284884929657,	-21.0,	-21.0,	-21.0,	-21
5757763,	5832.413982629776,	-21.0,	-21.0,	-20.6,	-20
5766217,	5840.9331130981445,	-21.0,	-21.0,	-20.8,	-20
5773956,	5848.1663336753845,	-20.0,	-19.0,	-21.0,	-21
5781860,	5855.444715023041,	-21.0,	-21.0,	-20.9,	-20
5789817,	5862.566510677338,	-21.0,	-21.0,	-20.7,	-20
5797898,	5869.759922504425,	-21.0,	-21.0,	-20.4,	-20
5805754,	5876.881586313248,	-21.0,	-21.0,	-20.8,	-20
5814641,	5885.4173765182495,	-21.0,	-21.0,	-21.0,	-21
5822517,	5892.376753807068,	-21.0,	-21.0,	-20.8,	-20
5830339,	5899.4572167396545,	-20.5,	-20.0,	-20.9,	-20
5838160,	5906.365652799606,	-21.0,	-21.0,	-20.9,	-20
5846011,	5913.452854394913,	-21.0,	-21.0,	-20.9,	-20
5854454,	5922.276704549789,	-21.0,	-21.0,	-20.8,	-20
5862243,	5929.370720863342,	-21.0,	-21.0,	-20.9,	-20
5870067,	5936.43225646019,	-21.0,	-21.0,	-20.9,	-20
5877963,	5943.525120258331,	-21.0,	-21.0,	-20.9,	-20
5885833,	5950.516361474991,	-21.0,	-21.0,	-20.9,	-20
5893706,	5957.525218963623,	-21.0,	-21.0,	-20.9,	-20
5901502,	5964.758334875107,	-20.0,	-20.0,	-20.9,	-20
5909597,	5971.892035961151,	-21.0,	-21.0,	-20.7,	-20
5918075,	5980.344273805618,	-20.5,	-20.0,	-20.4,	-17
5929144,	5996.337453365326,	-21.0,	-21.0,	-18.9,	-1
5937153,	6003.665118455887,	-21.0,	-21.0,	-20.9,	-20
5945607,	6012.205710887909,	-20.5,	-20.0,	-20.9,	-20
5953422,	6019.322525978088,	-20.5,	-20.0,	-20.9,	-20
5961428,	6026.486171007156,	-21.0,	-21.0,	-20.8,	-20
5970205,	6035.915427207947,	-21.0,	-21.0,	-20.8,	-20
5977995,	6044.665256023407,	-20.5,	-20.0,	-21.0,	-21
5986126,	6052.22181725502,	-20.5,	-20.0,	-20.8,	-20
5994341,	6059.7011840343475,	-21.0,	-21.0,	-20.6,	-20
6002686,	6067.553251028061,	-21.0,	-21.0,	-20.8,	-20
6012003,	6077.908706188202,	-21.0,	-21.0,	-20.8,	-20
6020943,	6088.272349596024,	-21.0,	-21.0,	-20.8,	-20
6029396,	6096.770428180695,	-21.0,	-21.0,	-20.8,	-20
6037212,	6103.880229711533,	-20.5,	-20.0,	-20.8,	-20
6045346,	6111.233248472214,	-21.0,	-21.0,	-20.6,	-20
6054124,	6120.767835378647,	-20.5,	-20.0,	-20.2,	-14
6061972,	6128.050466299057,	-20.5,	-20.0,	-20.8,	-20
6070035,	6135.295936584473,	-20.5,	-20.0,	-20.6,	-20
