0.00999998
0.00999995
0.00999993
0.00999991
0.00999988
0.00999986
0.00999984
0.00999981
0.00999979
0.00999976
0.00999974
0.00999972
0.00999969
0.00999967
0.00999965
0.00999962
0.0099996
0.00999958
0.00999955
0.00999953
0.00999951
0.00999948
0.00999946
0.00999944
0.00999941
0.00999939
0.00999936
0.00999934
0.00999932
0.00999929
0.00999927
0.00999925
0.00999922
0.0099992
0.00999918
0.00999915
0.00999913
0.00999911
0.00999908
0.00999906
0.00999904
0.00999901
0.00999899
0.00999896
0.00999894
0.00999892
0.00999889
0.00999887
0.00999885
0.00999882
0.0099988
0.00999878
0.00999875
0.00999873
0.00999871
0.00999868
0.00999866
0.00999864
0.00999861
0.00999859
0.00999856
0.00999854
0.00999852
0.00999849
0.00999847
0.00999845
0.00999842
0.0099984
0.00999838
0.00999835
0.00999833
0.00999831
0.00999828
0.00999826
0.00999824
0.00999821
0.00999819
0.00999817
0.00999814
0.00999812
0.00999809
0.00999807
0.00999805
0.00999802
0.009998
0.00999798
0.00999795
0.00999793
0.00999791
0.00999788
0.00999786
0.00999784
0.00999781
0.00999779
0.00999777
0.00999774
0.00999772
0.00999769
0.00999767
0.00999765
0.00999762
0.0099976
0.00999758
0.00999755
0.00999753
0.00999751
0.00999748
0.00999746
0.00999744
0.00999741
0.00999739
0.00999737
0.00999734
0.00999732
0.0099973
0.00999727
0.00999725
0.00999722
0.0099972
0.00999718
0.00999715
0.00999713
0.00999711
0.00999708
0.00999706
0.00999704
0.00999701
0.00999699
0.00999697
0.00999694
0.00999692
0.0099969
0.00999687
0.00999685
0.00999683
0.0099968
0.00999678
0.00999675
0.00999673
0.00999671
0.00999668
0.00999666
0.00999664
0.00999661
0.00999659
0.00999657
0.00999654
0.00999652
0.0099965
0.00999647
0.00999645
0.00999643
0.0099964
0.00999638
0.00999636
0.00999633
0.00999631
0.00999628
0.00999626
0.00999624
0.00999621
0.00999619
0.00999617
0.00999614
0.00999612
0.0099961
0.00999607
0.00999605
0.00999603
0.009996
0.00999598
0.00999596
0.00999593
0.00999591
0.00999589
0.00999586
0.00999584
0.00999582
0.00999579
0.00999577
0.00999574
0.00999572
0.0099957
0.00999567
0.00999565
0.00999563
0.0099956
0.00999558
0.00999556
0.00999553
0.00999551
0.00999549
0.00999546
0.00999544
0.00999542
0.00999539
0.00999537
0.00999535
0.00999532
0.0099953
0.00999527
0.00999525
0.00999523
0.0099952
0.00999518
0.00999516
0.00999513
0.00999511
0.00999509
0.00999506
0.00999504
0.00999502
0.00999499
0.00999497
0.00999495
0.00999492
0.0099949
0.00999488
0.00999485
0.00999483
0.00999481
0.00999478
0.00999476
0.00999473
0.00999471
0.00999469
0.00999466
0.00999464
0.00999462
0.00999459
0.00999457
0.00999455
0.00999452
0.0099945
0.00999448
0.00999445
0.00999443
0.00999441
0.00999438
0.00999436
0.00999434
0.00999431
0.00999429
0.00999427
0.00999424
0.00999422
0.0099942
0.00999417
0.00999415
0.00999412
0.0099941
0.00999408
0.00999405
0.00999403
0.00999401
0.00999398
0.00999396
0.00999394
0.00999391
0.00999389
0.00999387
0.00999384
0.00999382
0.0099938
0.00999377
0.00999375
0.00999373
0.0099937
0.00999368
0.00999366
0.00999363
0.00999361
0.00999359
0.00999356
0.00999354
0.00999351
0.00999349
0.00999347
0.00999344
0.00999342
0.0099934
0.00999337
0.00999335
0.00999333
0.0099933
0.00999328
0.00999326
0.00999323
0.00999321
0.00999319
0.00999316
0.00999314
0.00999312
0.00999309
0.00999307
0.00999305
0.00999302
0.009993
0.00999298
0.00999295
0.00999293
0.0099929
0.00999288
0.00999286
0.00999283
0.00999281
0.00999279
0.00999276
0.00999274
0.00999272
0.00999269
0.00999267
0.00999265
0.00999262
0.0099926
0.00999258
0.00999255
0.00999253
0.00999251
0.00999248
0.00999246
0.00999244
0.00999241
0.00999239
0.00999237
0.00999234
0.00999232
0.0099923
0.00999227
0.00999225
0.00999222
0.0099922
0.00999218
0.00999215
0.00999213
0.00999211
0.00999208
0.00999206
0.00999204
0.00999201
0.00999199
0.00999197
0.00999194
0.00999192
0.0099919
0.00999187
0.00999185
0.00999183
0.0099918
0.00999178
0.00999176
0.00999173
0.00999171
0.00999169
0.00999166
0.00999164
0.00999162
0.00999159
0.00999157
0.00999155
0.00999152
0.0099915
0.00999147
0.00999145
0.00999143
0.0099914
0.00999138
0.00999136
0.00999133
0.00999131
0.00999129
0.00999126
0.00999124
0.00999122
0.00999119
0.00999117
0.00999115
0.00999112
0.0099911
0.00999108
0.00999105
0.00999103
0.00999101
0.00999098
0.00999096
0.00999094
0.00999091
0.00999089
0.00999087
0.00999084
0.00999082
0.0099908
0.00999077
0.00999075
0.00999073
0.0099907
0.00999068
0.00999065
0.00999063
0.00999061
0.00999058
0.00999056
0.00999054
0.00999051
0.00999049
0.00999047
0.00999044
0.00999042
0.0099904
0.00999037
0.00999035
0.00999033
0.0099903
0.00999028
0.00999026
0.00999023
0.00999021
0.00999019
0.00999016
0.00999014
0.00999012
0.00999009
0.00999007
0.00999005
0.00999002
0.00999
0.00998998
0.00998995
0.00998993
0.00998991
0.00998988
0.00998986
0.00998984
0.00998981
0.00998979
0.00998976
0.00998974
0.00998972
0.00998969
0.00998967
0.00998965
0.00998962
0.0099896
0.00998958
0.00998955
0.00998953
0.00998951
0.00998948
0.00998946
0.00998944
0.00998941
0.00998939
0.00998937
0.00998934
0.00998932
0.0099893
0.00998927
0.00998925
0.00998923
0.0099892
0.00998918
0.00998916
0.00998913
0.00998911
0.00998909
0.00998906
0.00998904
0.00998902
0.00998899
0.00998897
0.00998895
0.00998892
0.0099889
0.00998888
0.00998885
0.00998883
0.00998881
0.00998878
0.00998876
0.00998873
0.00998871
0.00998869
0.00998866
0.00998864
0.00998862
0.00998859
0.00998857
0.00998855
0.00998852
0.0099885
0.00998848
0.00998845
0.00998843
0.00998841
0.00998838
0.00998836
0.00998834
0.00998831
0.00998829
0.00998827
0.00998824
0.00998822
0.0099882
0.00998817
0.00998815
0.00998813
0.0099881
0.00998808
0.00998806
0.00998803
0.00998801
0.00998799
0.00998796
0.00998794
0.00998792
0.00998789
0.00998787
0.00998785
0.00998782
0.0099878
0.00998778
0.00998775
0.00998773
0.00998771
0.00998768
0.00998766
0.00998764
0.00998761
0.00998759
0.00998757
0.00998754
0.00998752
0.00998749
0.00998747
0.00998745
0.00998742
0.0099874
0.00998738
0.00998735
0.00998733
0.00998731
0.00998728
0.00998726
0.00998724
0.00998721
0.00998719
0.00998717
0.00998714
0.00998712
0.0099871
0.00998707
0.00998705
0.00998703
0.009987
0.00998698
0.00998696
0.00998693
0.00998691
0.00998689
0.00998686
0.00998684
0.00998682
0.00998679
0.00998677
0.00998675
0.00998672
0.0099867
0.00998668
0.00998665
0.00998663
0.00998661
0.00998658
0.00998656
0.00998654
0.00998651
0.00998649
0.00998647
0.00998644
0.00998642
0.0099864
0.00998637
0.00998635
0.00998633
0.0099863
0.00998628
0.00998626
0.00998623
0.00998621
0.00998619
0.00998616
0.00998614
0.00998612
0.00998609
0.00998607
0.00998605
0.00998602
0.009986
0.00998598
0.00998595
0.00998593
0.00998591
0.00998588
0.00998586
0.00998583
0.00998581
0.00998579
0.00998576
0.00998574
0.00998572
0.00998569
0.00998567
0.00998565
0.00998562
0.0099856
0.00998558
0.00998555
0.00998553
0.00998551
0.00998548
0.00998546
0.00998544
0.00998541
0.00998539
0.00998537
0.00998534
0.00998532
0.0099853
0.00998527
0.00998525
0.00998523
0.0099852
0.00998518
0.00998516
0.00998513
0.00998511
0.00998509
0.00998506
0.00998504
0.00998502
0.00998499
0.00998497
0.00998495
0.00998492
0.0099849
0.00998488
0.00998485
0.00998483
0.00998481
0.00998478
0.00998476
0.00998474
0.00998471
0.00998469
0.00998467
0.00998464
0.00998462
0.0099846
0.00998457
0.00998455
0.00998453
0.0099845
0.00998448
0.00998446
0.00998443
0.00998441
0.00998439
0.00998436
0.00998434
0.00998432
0.00998429
0.00998427
0.00998425
0.00998422
0.0099842
0.00998418
0.00998415
0.00998413
0.00998411
0.00998408
0.00998406
0.00998404
0.00998401
0.00998399
0.00998397
0.00998394
0.00998392
0.0099839
0.00998387
0.00998385
0.00998383
0.0099838
0.00998378
0.00998376
0.00998373
0.00998371
0.00998369
0.00998366
0.00998364
0.00998362
0.00998359
0.00998357
0.00998355
0.00998352
0.0099835
0.00998348
0.00998345
0.00998343
0.00998341
0.00998338
0.00998336
0.00998334
0.00998331
0.00998329
0.00998327
0.00998324
0.00998322
0.0099832
0.00998317
0.00998315
0.00998313
0.0099831
0.00998308
0.00998306
0.00998303
0.00998301
0.00998299
0.00998296
0.00998294
0.00998292
0.00998289
0.00998287
0.00998285
0.00998282
0.0099828
0.00998278
0.00998275
0.00998273
0.00998271
0.00998268
0.00998266
0.00998264
0.00998261
0.00998259
0.00998257
0.00998254
0.00998252
0.0099825
0.00998247
0.00998245
0.00998243
0.0099824
0.00998238
0.00998236
0.00998233
0.00998231
0.00998229
0.00998226
0.00998224
0.00998222
0.00998219
0.00998217
0.00998215
0.00998212
0.0099821
0.00998208
0.00998205
0.00998203
0.00998201
0.00998198
0.00998196
0.00998194
0.00998191
0.00998189
0.00998187
0.00998184
0.00998182
0.0099818
0.00998177
0.00998175
0.00998173
0.0099817
0.00998168
0.00998166
0.00998163
0.00998161
0.00998159
0.00998156
0.00998154
0.00998152
0.00998149
0.00998147
0.00998145
0.00998142
0.0099814
0.00998138
0.00998135
0.00998133
0.00998131
0.00998128
0.00998126
0.00998124
0.00998121
0.00998119
0.00998117
0.00998114
0.00998112
0.0099811
0.00998107
0.00998105
0.00998103
0.009981
0.00998098
0.00998096
0.00998093
0.00998091
0.00998089
0.00998086
0.00998084
0.00998082
0.00998079
0.00998077
0.00998075
0.00998072
0.0099807
0.00998068
0.00998065
0.00998063
0.00998061
0.00998058
0.00998056
0.00998054
0.00998051
0.00998049
0.00998047
0.00998044
0.00998042
0.0099804
0.00998037
0.00998035
0.00998033
0.0099803
0.00998028
0.00998026
0.00998023
0.00998021
0.00998019
0.00998016
0.00998014
0.00998012
0.00998009
0.00998007
0.00998005
0.00998002
0.00998
0.00997998
0.00997995
0.00997993
0.00997991
0.00997988
0.00997986
0.00997984
0.00997982
0.00997979
0.00997977
0.00997975
0.00997972
0.0099797
0.00997968
0.00997965
0.00997963
0.00997961
0.00997958
0.00997956
0.00997954
0.00997951
0.00997949
0.00997947
0.00997944
0.00997942
0.0099794
0.00997937
0.00997935
0.00997933
0.0099793
0.00997928
0.00997926
0.00997923
0.00997921
0.00997919
0.00997916
0.00997914
0.00997912
0.00997909
0.00997907
0.00997905
0.00997902
0.009979
0.00997898
0.00997895
0.00997893
0.00997891
0.00997888
0.00997886
0.00997884
0.00997881
0.00997879
0.00997877
0.00997874
0.00997872
0.0099787
0.00997867
0.00997865
0.00997863
0.0099786
0.00997858
0.00997856
0.00997853
0.00997851
0.00997849
0.00997846
0.00997844
0.00997842
0.00997839
0.00997837
0.00997835
0.00997832
0.0099783
0.00997828
0.00997825
0.00997823
0.00997821
0.00997818
0.00997816
0.00997814
0.00997812
0.00997809
0.00997807
0.00997805
0.00997802
0.009978
0.00997798
0.00997795
0.00997793
0.00997791
0.00997788
0.00997786
0.00997784
0.00997781
0.00997779
0.00997777
0.00997774
0.00997772
0.0099777
0.00997767
0.00997765
0.00997763
0.0099776
0.00997758
0.00997756
0.00997753
0.00997751
0.00997749
0.00997746
0.00997744
0.00997742
0.00997739
0.00997737
0.00997735
0.00997732
0.0099773
0.00997728
0.00997725
0.00997723
0.00997721
0.00997718
0.00997716
0.00997714
0.00997711
0.00997709
0.00997707
0.00997704
0.00997702
0.009977
0.00997697
0.00997695
0.00997693
0.0099769
0.00997688
0.00997686
0.00997684
0.00997681
0.00997679
0.00997677
0.00997674
0.00997672
0.0099767
0.00997667
0.00997665
0.00997663
0.0099766
0.00997658
0.00997656
0.00997653
0.00997651
0.00997649
0.00997646
0.00997644
0.00997642
0.00997639
0.00997637
0.00997635
0.00997632
0.0099763
0.00997628
0.00997625
0.00997623
0.00997621
0.00997618
0.00997616
0.00997614
0.00997611
0.00997609
0.00997607
0.00997604
0.00997602
0.009976
0.00997597
0.00997595
0.00997593
0.0099759
0.00997588
0.00997586
0.00997584
0.00997581
0.00997579
0.00997577
0.00997574
0.00997572
0.0099757
0.00997567
0.00997565
0.00997563
0.0099756
0.00997558
0.00997556
0.00997553
0.00997551
0.00997549
0.00997546
0.00997544
0.00997542
0.00997539
0.00997537
0.00997535
0.00997532
0.0099753
0.00997528
0.00997525
0.00997523
0.00997521
0.00997518
0.00997516
0.00997514
0.00997511
0.00997509
0.00997507
0.00997504
0.00997502
0.009975
0.00997498
0.00997495
0.00997493
0.00997491
0.00997488
0.00997486
0.00997484
0.00997481
0.00997479
0.00997477
0.00997474
0.00997472
0.0099747
0.00997467
0.00997465
0.00997463
0.0099746
0.00997458
0.00997456
0.00997453
0.00997451
0.00997449
0.00997446
0.00997444
0.00997442
